image,label1,label2,label3,label4,label5
val/00000001.jpg,32,0,71,67,42
val/00000002.jpg,21,92,77,99,51
val/00000003.jpg,17,36,66,83,60
val/00000004.jpg,93,3,49,35,67
val/00000005.jpg,20,10,7,36,37
val/00000006.jpg,60,54,7,64,38
val/00000007.jpg,68,29,97,98,27
val/00000008.jpg,97,79,43,68,24
val/00000009.jpg,82,99,73,46,31
val/00000010.jpg,59,70,45,37,60
val/00000011.jpg,88,8,23,11,66
val/00000012.jpg,43,97,68,29,55
val/00000013.jpg,31,82,99,27,46
val/00000014.jpg,77,97,68,51,79
val/00000015.jpg,8,38,13,33,88
val/00000016.jpg,63,11,1,8,38
val/00000017.jpg,41,64,63,89,42
val/00000018.jpg,96,76,39,74,40
val/00000019.jpg,44,97,68,27,98
val/00000020.jpg,68,97,29,98,9
val/00000021.jpg,64,66,14,23,20
val/00000022.jpg,50,69,63,64,18
val/00000023.jpg,82,83,31,30,73
val/00000024.jpg,86,10,26,69,4
val/00000025.jpg,93,49,55,3,74
val/00000026.jpg,19,36,39,24,72
val/00000027.jpg,82,31,27,97,32
val/00000028.jpg,30,49,76,99,46
val/00000029.jpg,17,58,33,38,62
val/00000030.jpg,32,0,67,71,42
val/00000031.jpg,78,48,37,14,22
val/00000032.jpg,85,86,39,0,42
val/00000033.jpg,49,93,67,39,3
val/00000034.jpg,39,47,85,86,32
val/00000035.jpg,94,71,67,31,2
val/00000036.jpg,79,92,43,55,77
val/00000037.jpg,30,49,92,43,79
val/00000038.jpg,86,96,54,74,7
val/00000039.jpg,18,62,54,45,16
val/00000040.jpg,52,35,43,24,79
val/00000041.jpg,46,50,72,39,42
val/00000042.jpg,77,21,29,79,92
val/00000043.jpg,32,0,67,61,85
val/00000044.jpg,36,14,25,7,88
val/00000045.jpg,9,29,97,68,80
val/00000046.jpg,68,98,97,35,53
val/00000047.jpg,80,29,44,5,67
val/00000048.jpg,50,74,27,53,39
val/00000049.jpg,48,91,1,20,34
val/00000050.jpg,21,49,99,51,30
val/00000051.jpg,2,71,0,85,67
val/00000052.jpg,29,68,97,9,80
val/00000053.jpg,49,32,42,67,71
val/00000054.jpg,13,38,78,60,54
val/00000055.jpg,86,2,39,96,27
val/00000056.jpg,52,79,24,43,92
val/00000057.jpg,38,8,45,18,62
val/00000058.jpg,10,26,28,91,48
val/00000059.jpg,81,23,75,19,50
val/00000060.jpg,20,28,37,91,14
val/00000061.jpg,17,63,78,37,48
val/00000062.jpg,20,37,14,17,78
val/00000063.jpg,32,0,42,67,71
val/00000064.jpg,73,47,82,74,50
val/00000065.jpg,68,57,98,97,35
val/00000066.jpg,28,65,26,10,4
val/00000067.jpg,68,84,98,97,9
val/00000068.jpg,39,85,52,24,79
val/00000069.jpg,94,67,71,3,32
val/00000070.jpg,51,97,68,98,40
val/00000071.jpg,72,76,53,47,39
val/00000072.jpg,42,47,0,32,67
val/00000073.jpg,71,32,67,94,49
val/00000074.jpg,67,71,32,0,42
val/00000075.jpg,28,91,3,94,20
val/00000076.jpg,92,77,12,96,79
val/00000077.jpg,66,23,64,87,95
val/00000078.jpg,63,20,69,78,89
val/00000079.jpg,23,70,33,37,66
val/00000080.jpg,21,99,30,46,77
val/00000081.jpg,74,15,3,95,19
val/00000082.jpg,12,77,21,92,40
val/00000083.jpg,68,97,98,9,29
val/00000084.jpg,7,72,69,46,99
val/00000085.jpg,52,19,24,61,35
val/00000086.jpg,83,16,89,39,69
val/00000087.jpg,52,61,35,79,19
val/00000088.jpg,96,44,27,97,9
val/00000089.jpg,74,3,15,75,27
val/00000090.jpg,71,51,0,67,42
val/00000091.jpg,68,97,98,29,40
val/00000092.jpg,48,37,78,17,14
val/00000093.jpg,70,33,17,54,38
val/00000094.jpg,8,88,38,13,14
val/00000095.jpg,0,5,24,32,96
val/00000096.jpg,2,3,87,76,99
val/00000097.jpg,99,27,21,77,82
val/00000098.jpg,78,38,45,63,13
val/00000099.jpg,39,3,72,86,65
val/00000100.jpg,26,28,10,65,17
val/00000101.jpg,21,99,30,77,82
val/00000102.jpg,96,5,30,82,0
val/00000103.jpg,89,83,69,16,18
val/00000104.jpg,0,32,67,71,94
val/00000105.jpg,99,27,96,65,86
val/00000106.jpg,86,65,7,26,39
val/00000107.jpg,71,67,94,32,49
val/00000108.jpg,50,86,47,82,27
val/00000109.jpg,67,71,31,21,32
val/00000110.jpg,13,48,1,63,78
val/00000111.jpg,9,26,40,2,29
val/00000112.jpg,6,63,69,82,1
val/00000113.jpg,86,49,21,55,65
val/00000114.jpg,49,30,39,86,42
val/00000115.jpg,14,88,23,37,78
val/00000116.jpg,55,79,29,97,43
val/00000117.jpg,55,98,79,43,97
val/00000118.jpg,38,33,45,8,13
val/00000119.jpg,9,2,55,96,29
val/00000120.jpg,98,68,97,44,9
val/00000121.jpg,79,55,77,29,68
val/00000122.jpg,35,55,79,97,43
val/00000123.jpg,44,27,40,6,74
val/00000124.jpg,93,31,71,67,99
val/00000125.jpg,43,79,24,92,5
val/00000126.jpg,47,65,39,91,37
val/00000127.jpg,82,99,30,0,32
val/00000128.jpg,53,72,50,24,68
val/00000129.jpg,63,78,45,13,62
val/00000130.jpg,4,27,77,79,40
val/00000131.jpg,1,63,69,90,7
val/00000132.jpg,35,24,52,61,79
val/00000133.jpg,25,70,38,19,45
val/00000134.jpg,1,90,25,48,63
val/00000135.jpg,90,7,76,1,69
val/00000136.jpg,80,29,9,96,44
val/00000137.jpg,59,70,16,45,62
val/00000138.jpg,68,97,35,98,53
val/00000139.jpg,49,55,30,79,21
val/00000140.jpg,74,86,23,88,3
val/00000141.jpg,50,47,99,46,31
val/00000142.jpg,65,48,28,3,91
val/00000143.jpg,35,24,61,68,85
val/00000144.jpg,5,24,43,2,79
val/00000145.jpg,92,79,77,55,97
val/00000146.jpg,59,70,62,37,54
val/00000147.jpg,7,8,69,20,1
val/00000148.jpg,9,29,80,97,67
val/00000149.jpg,70,59,62,16,60
val/00000150.jpg,25,1,7,50,90
val/00000151.jpg,23,66,95,88,22
val/00000152.jpg,52,39,79,86,72
val/00000153.jpg,22,60,34,56,83
val/00000154.jpg,10,20,37,91,48
val/00000155.jpg,99,30,21,46,49
val/00000156.jpg,1,48,65,50,75
val/00000157.jpg,0,32,30,71,67
val/00000158.jpg,61,35,67,32,0
val/00000159.jpg,35,68,57,52,79
val/00000160.jpg,50,72,47,73,37
val/00000161.jpg,6,69,17,34,63
val/00000162.jpg,70,33,45,38,54
val/00000163.jpg,85,0,71,32,49
val/00000164.jpg,10,20,28,91,26
val/00000165.jpg,0,32,67,71,42
val/00000166.jpg,26,28,20,91,34
val/00000167.jpg,2,39,43,55,72
val/00000168.jpg,39,96,44,55,86
val/00000169.jpg,9,29,97,44,68
val/00000170.jpg,95,87,15,2,66
val/00000171.jpg,75,87,51,66,30
val/00000172.jpg,84,27,68,97,46
val/00000173.jpg,16,83,18,62,54
val/00000174.jpg,76,24,31,82,3
val/00000175.jpg,98,9,97,55,68
val/00000176.jpg,45,62,18,63,69
val/00000177.jpg,40,98,92,68,77
val/00000178.jpg,39,7,69,42,64
val/00000179.jpg,91,48,28,65,20
val/00000180.jpg,9,97,68,29,98
val/00000181.jpg,82,31,27,99,46
val/00000182.jpg,15,87,95,51,75
val/00000183.jpg,32,0,71,67,42
val/00000184.jpg,94,65,86,3,67
val/00000185.jpg,9,98,29,68,97
val/00000186.jpg,4,96,80,77,55
val/00000187.jpg,14,88,8,78,37
val/00000188.jpg,93,19,31,49,43
val/00000189.jpg,4,83,80,69,49
val/00000190.jpg,52,39,72,19,24
val/00000191.jpg,72,53,46,76,39
val/00000192.jpg,75,87,15,65,72
val/00000193.jpg,32,42,67,49,56
val/00000194.jpg,79,35,61,92,52
val/00000195.jpg,95,87,23,74,2
val/00000196.jpg,68,97,98,55,77
val/00000197.jpg,91,28,34,48,20
val/00000198.jpg,88,34,6,69,14
val/00000199.jpg,78,48,28,91,10
val/00000200.jpg,25,78,14,37,7
val/00000201.jpg,86,40,2,44,8
val/00000202.jpg,93,31,55,49,99
val/00000203.jpg,68,35,98,97,57
val/00000204.jpg,84,56,68,74,66
val/00000205.jpg,59,70,16,60,45
val/00000206.jpg,56,84,49,13,66
val/00000207.jpg,96,9,5,43,2
val/00000208.jpg,22,1,38,90,63
val/00000209.jpg,56,22,1,42,71
val/00000210.jpg,56,66,11,69,84
val/00000211.jpg,91,34,28,48,26
val/00000212.jpg,87,15,95,8,2
val/00000213.jpg,93,99,27,74,3
val/00000214.jpg,67,94,32,71,0
val/00000215.jpg,5,0,24,71,2
val/00000216.jpg,0,41,5,42,71
val/00000217.jpg,65,99,91,10,72
val/00000218.jpg,92,77,12,21,79
val/00000219.jpg,92,55,30,79,2
val/00000220.jpg,52,79,35,19,57
val/00000221.jpg,77,92,21,12,99
val/00000222.jpg,56,84,19,93,57
val/00000223.jpg,80,35,29,55,97
val/00000224.jpg,11,66,22,13,64
val/00000225.jpg,84,56,68,97,98
val/00000226.jpg,93,18,54,16,62
val/00000227.jpg,25,19,64,70,1
val/00000228.jpg,7,39,1,69,3
val/00000229.jpg,58,6,17,26,28
val/00000230.jpg,51,77,92,21,87
val/00000231.jpg,98,68,97,84,29
val/00000232.jpg,86,76,24,43,29
val/00000233.jpg,89,83,64,16,6
val/00000234.jpg,84,68,57,29,80
val/00000235.jpg,44,98,35,29,97
val/00000236.jpg,15,87,75,2,51
val/00000237.jpg,2,56,74,39,3
val/00000238.jpg,4,77,21,12,92
val/00000239.jpg,30,0,71,32,49
val/00000240.jpg,63,1,49,14,56
val/00000241.jpg,69,80,5,49,6
val/00000242.jpg,77,21,92,12,40
val/00000243.jpg,47,61,72,76,82
val/00000244.jpg,72,3,52,67,94
val/00000245.jpg,76,77,79,24,96
val/00000246.jpg,7,54,33,17,70
val/00000247.jpg,93,31,42,49,74
val/00000248.jpg,77,21,4,69,12
val/00000249.jpg,53,72,29,46,44
val/00000250.jpg,83,16,60,18,64
val/00000251.jpg,17,66,36,34,84
val/00000252.jpg,11,13,34,28,22
val/00000253.jpg,17,11,54,64,88
val/00000254.jpg,86,39,2,76,82
val/00000255.jpg,78,48,37,65,14
val/00000256.jpg,18,17,26,54,6
val/00000257.jpg,3,74,39,76,24
val/00000258.jpg,71,67,0,2,85
val/00000259.jpg,61,30,49,67,21
val/00000260.jpg,54,26,10,58,17
val/00000261.jpg,8,88,26,34,30
val/00000262.jpg,17,20,34,10,60
val/00000263.jpg,55,79,49,46,43
val/00000264.jpg,90,47,50,64,1
val/00000265.jpg,63,41,42,11,1
val/00000266.jpg,38,33,78,7,19
val/00000267.jpg,86,96,74,27,39
val/00000268.jpg,38,45,78,33,13
val/00000269.jpg,54,18,62,17,64
val/00000270.jpg,73,82,50,47,61
val/00000271.jpg,70,37,59,45,78
val/00000272.jpg,35,61,44,80,97
val/00000273.jpg,49,26,7,54,60
val/00000274.jpg,41,90,64,22,24
val/00000275.jpg,17,6,63,45,69
val/00000276.jpg,53,5,47,24,72
val/00000277.jpg,66,26,23,54,17
val/00000278.jpg,64,83,41,16,6
val/00000279.jpg,99,74,46,42,27
val/00000280.jpg,7,1,69,89,63
val/00000281.jpg,16,83,18,62,59
val/00000282.jpg,48,13,78,63,37
val/00000283.jpg,53,81,76,24,85
val/00000284.jpg,86,65,19,27,36
val/00000285.jpg,26,17,34,69,18
val/00000286.jpg,18,88,69,8,29
val/00000287.jpg,63,69,89,14,8
val/00000288.jpg,48,1,34,90,22
val/00000289.jpg,50,53,72,73,47
val/00000290.jpg,9,29,98,55,97
val/00000291.jpg,99,31,46,82,27
val/00000292.jpg,25,14,65,78,34
val/00000293.jpg,3,39,86,65,24
val/00000294.jpg,23,66,88,69,11
val/00000295.jpg,36,14,25,69,78
val/00000296.jpg,67,71,32,0,94
val/00000297.jpg,28,48,26,34,10
val/00000298.jpg,21,96,99,77,97
val/00000299.jpg,99,92,21,77,51
val/00000300.jpg,95,15,87,75,74
val/00000301.jpg,60,7,69,50,54
val/00000302.jpg,23,66,88,64,56
val/00000303.jpg,31,67,32,3,49
val/00000304.jpg,42,67,71,94,32
val/00000305.jpg,67,31,32,86,3
val/00000306.jpg,44,97,9,68,98
val/00000307.jpg,49,13,80,94,42
val/00000308.jpg,87,15,2,95,75
val/00000309.jpg,54,17,7,37,22
val/00000310.jpg,90,41,1,24,22
val/00000311.jpg,27,50,73,37,72
val/00000312.jpg,83,16,64,60,54
val/00000313.jpg,17,37,34,14,26
val/00000314.jpg,91,26,34,64,7
val/00000315.jpg,64,83,16,41,54
val/00000316.jpg,12,77,21,40,92
val/00000317.jpg,5,0,42,71,24
val/00000318.jpg,36,7,19,60,1
val/00000319.jpg,28,94,20,34,3
val/00000320.jpg,92,97,77,68,96
val/00000321.jpg,32,71,0,67,47
val/00000322.jpg,84,68,97,98,27
val/00000323.jpg,49,42,67,32,86
val/00000324.jpg,62,70,17,38,45
val/00000325.jpg,85,52,39,79,24
val/00000326.jpg,10,48,37,28,91
val/00000327.jpg,4,57,93,35,55
val/00000328.jpg,5,24,42,43,79
val/00000329.jpg,19,52,39,84,35
val/00000330.jpg,64,34,6,47,69
val/00000331.jpg,98,68,97,29,9
val/00000332.jpg,99,42,46,21,31
val/00000333.jpg,11,13,63,8,78
val/00000334.jpg,34,6,26,69,28
val/00000335.jpg,9,29,96,97,44
val/00000336.jpg,45,70,62,54,18
val/00000337.jpg,48,78,13,37,63
val/00000338.jpg,89,0,5,76,41
val/00000339.jpg,13,11,63,78,17
val/00000340.jpg,82,31,42,32,46
val/00000341.jpg,40,82,99,97,96
val/00000342.jpg,89,23,69,7,36
val/00000343.jpg,13,11,38,78,45
val/00000344.jpg,37,10,17,20,78
val/00000345.jpg,23,66,88,7,69
val/00000346.jpg,32,67,71,0,42
val/00000347.jpg,14,22,25,23,36
val/00000348.jpg,87,51,15,95,75
val/00000349.jpg,87,95,15,2,75
val/00000350.jpg,46,99,42,82,71
val/00000351.jpg,95,23,87,72,15
val/00000352.jpg,47,46,82,72,99
val/00000353.jpg,97,68,77,79,98
val/00000354.jpg,39,96,86,76,7
val/00000355.jpg,80,79,77,49,21
val/00000356.jpg,84,68,98,57,97
val/00000357.jpg,61,52,35,24,19
val/00000358.jpg,56,66,84,23,54
val/00000359.jpg,49,95,56,74,94
val/00000360.jpg,16,83,18,62,54
val/00000361.jpg,64,41,63,18,16
val/00000362.jpg,96,21,99,46,77
val/00000363.jpg,75,87,66,15,51
val/00000364.jpg,72,46,99,27,19
val/00000365.jpg,42,89,24,49,71
val/00000366.jpg,30,49,43,0,5
val/00000367.jpg,55,86,27,39,98
val/00000368.jpg,14,78,37,25,13
val/00000369.jpg,32,30,99,51,0
val/00000370.jpg,75,86,65,74,30
val/00000371.jpg,98,68,35,57,97
val/00000372.jpg,86,83,82,69,39
val/00000373.jpg,24,41,94,89,71
val/00000374.jpg,18,62,45,26,78
val/00000375.jpg,87,15,51,75,95
val/00000376.jpg,51,30,99,32,27
val/00000377.jpg,18,62,45,78,63
val/00000378.jpg,1,63,34,69,54
val/00000379.jpg,28,58,3,91,20
val/00000380.jpg,11,88,22,8,66
val/00000381.jpg,17,28,14,78,48
val/00000382.jpg,53,68,81,98,19
val/00000383.jpg,87,71,15,51,75
val/00000384.jpg,59,45,62,78,16
val/00000385.jpg,9,55,97,98,68
val/00000386.jpg,34,69,6,63,90
val/00000387.jpg,36,7,39,69,19
val/00000388.jpg,8,13,14,78,17
val/00000389.jpg,39,76,52,81,79
val/00000390.jpg,77,12,92,27,79
val/00000391.jpg,63,62,59,6,45
val/00000392.jpg,42,21,99,67,71
val/00000393.jpg,42,49,78,93,32
val/00000394.jpg,85,39,24,52,53
val/00000395.jpg,60,7,69,89,17
val/00000396.jpg,29,80,2,67,44
val/00000397.jpg,94,67,71,32,0
val/00000398.jpg,50,46,53,72,47
val/00000399.jpg,9,29,97,98,55
val/00000400.jpg,23,66,75,22,90
val/00000401.jpg,87,75,95,15,23
val/00000402.jpg,12,77,92,21,40
val/00000403.jpg,13,78,45,11,38
val/00000404.jpg,4,57,49,55,21
val/00000405.jpg,45,37,20,78,14
val/00000406.jpg,4,35,90,79,1
val/00000407.jpg,68,9,97,29,86
val/00000408.jpg,86,39,52,19,72
val/00000409.jpg,96,39,86,76,99
val/00000410.jpg,88,4,8,57,69
val/00000411.jpg,76,24,79,82,99
val/00000412.jpg,26,10,20,28,34
val/00000413.jpg,29,80,69,83,26
val/00000414.jpg,6,70,33,17,38
val/00000415.jpg,55,92,21,49,99
val/00000416.jpg,51,27,99,21,55
val/00000417.jpg,47,50,72,46,82
val/00000418.jpg,52,19,84,35,57
val/00000419.jpg,76,39,24,3,53
val/00000420.jpg,33,58,54,70,78
val/00000421.jpg,77,92,79,21,97
val/00000422.jpg,74,96,39,43,86
val/00000423.jpg,35,52,79,61,24
val/00000424.jpg,9,26,29,10,98
val/00000425.jpg,15,87,2,75,95
val/00000426.jpg,40,92,97,9,44
val/00000427.jpg,21,99,30,77,40
val/00000428.jpg,6,69,34,90,26
val/00000429.jpg,54,60,70,59,16
val/00000430.jpg,72,53,47,81,50
val/00000431.jpg,28,26,91,10,65
val/00000432.jpg,0,32,67,30,71
val/00000433.jpg,24,76,89,79,43
val/00000434.jpg,66,54,55,9,15
val/00000435.jpg,48,37,14,1,20
val/00000436.jpg,16,83,18,62,54
val/00000437.jpg,73,50,47,72,74
val/00000438.jpg,3,74,28,69,32
val/00000439.jpg,58,33,54,78,48
val/00000440.jpg,36,7,89,60,69
val/00000441.jpg,44,9,97,67,29
val/00000442.jpg,98,68,4,97,35
val/00000443.jpg,14,28,65,34,73
val/00000444.jpg,54,17,66,1,34
val/00000445.jpg,20,37,34,10,14
val/00000446.jpg,25,7,47,74,50
val/00000447.jpg,48,91,1,65,7
val/00000448.jpg,27,40,96,99,51
val/00000449.jpg,61,32,67,35,52
val/00000450.jpg,55,79,92,77,29
val/00000451.jpg,67,71,94,32,49
val/00000452.jpg,96,46,79,55,99
val/00000453.jpg,27,74,79,96,77
val/00000454.jpg,35,24,61,76,79
val/00000455.jpg,82,32,31,47,27
val/00000456.jpg,34,36,17,37,26
val/00000457.jpg,75,87,97,81,68
val/00000458.jpg,74,50,39,27,3
val/00000459.jpg,91,65,28,7,34
val/00000460.jpg,22,11,1,38,63
val/00000461.jpg,10,28,26,37,91
val/00000462.jpg,4,88,14,8,69
val/00000463.jpg,52,79,39,24,85
val/00000464.jpg,94,67,71,32,49
val/00000465.jpg,87,95,15,75,2
val/00000466.jpg,68,84,97,29,9
val/00000467.jpg,66,11,23,88,56
val/00000468.jpg,33,48,63,58,13
val/00000469.jpg,65,3,67,94,42
val/00000470.jpg,15,95,87,74,66
val/00000471.jpg,48,65,1,78,75
val/00000472.jpg,10,26,78,37,48
val/00000473.jpg,58,91,28,10,3
val/00000474.jpg,51,21,99,30,49
val/00000475.jpg,60,64,22,70,33
val/00000476.jpg,9,29,44,97,80
val/00000477.jpg,55,79,77,97,68
val/00000478.jpg,18,62,16,54,70
val/00000479.jpg,12,30,5,77,24
val/00000480.jpg,12,77,92,21,99
val/00000481.jpg,88,73,64,69,66
val/00000482.jpg,34,85,42,39,69
val/00000483.jpg,74,86,27,96,49
val/00000484.jpg,84,57,56,68,55
val/00000485.jpg,7,90,25,1,69
val/00000486.jpg,67,32,49,71,42
val/00000487.jpg,18,62,54,16,17
val/00000488.jpg,90,76,7,47,19
val/00000489.jpg,72,53,50,39,47
val/00000490.jpg,66,10,28,15,88
val/00000491.jpg,72,3,56,75,95
val/00000492.jpg,24,85,52,53,79
val/00000493.jpg,54,26,7,10,17
val/00000494.jpg,55,49,86,79,93
val/00000495.jpg,67,46,32,49,42
val/00000496.jpg,31,68,67,84,98
val/00000497.jpg,9,29,97,68,44
val/00000498.jpg,2,9,29,97,68
val/00000499.jpg,14,8,64,88,66
val/00000500.jpg,13,38,11,48,8
val/00000501.jpg,4,88,57,98,49
val/00000502.jpg,41,64,90,63,1
val/00000503.jpg,27,74,96,99,86
val/00000504.jpg,61,67,32,71,94
val/00000505.jpg,85,49,71,42,0
val/00000506.jpg,45,14,78,63,37
val/00000507.jpg,38,70,45,62,63
val/00000508.jpg,29,55,98,97,68
val/00000509.jpg,72,46,60,7,69
val/00000510.jpg,42,67,71,32,0
val/00000511.jpg,59,16,70,60,10
val/00000512.jpg,57,4,98,35,68
val/00000513.jpg,73,37,86,50,82
val/00000514.jpg,86,64,73,83,74
val/00000515.jpg,31,42,94,67,99
val/00000516.jpg,52,35,79,19,68
val/00000517.jpg,94,71,67,0,32
val/00000518.jpg,54,70,60,16,59
val/00000519.jpg,13,86,26,65,17
val/00000520.jpg,54,26,17,58,33
val/00000521.jpg,13,11,38,78,63
val/00000522.jpg,26,86,65,91,7
val/00000523.jpg,16,83,54,60,18
val/00000524.jpg,77,82,94,96,86
val/00000525.jpg,99,46,49,74,30
val/00000526.jpg,63,59,17,70,45
val/00000527.jpg,23,66,28,10,91
val/00000528.jpg,36,7,69,25,19
val/00000529.jpg,87,15,95,75,2
val/00000530.jpg,89,6,63,69,41
val/00000531.jpg,95,87,23,2,88
val/00000532.jpg,85,39,52,24,89
val/00000533.jpg,32,67,49,71,0
val/00000534.jpg,27,99,74,46,82
val/00000535.jpg,54,34,66,17,69
val/00000536.jpg,67,71,32,31,94
val/00000537.jpg,63,14,78,37,20
val/00000538.jpg,30,82,99,87,51
val/00000539.jpg,57,68,98,4,35
val/00000540.jpg,13,78,14,38,45
val/00000541.jpg,52,32,71,79,85
val/00000542.jpg,51,40,99,46,30
val/00000543.jpg,49,43,79,74,56
val/00000544.jpg,30,21,92,99,77
val/00000545.jpg,87,75,15,95,51
val/00000546.jpg,19,37,7,69,39
val/00000547.jpg,0,94,71,5,32
val/00000548.jpg,82,31,99,50,27
val/00000549.jpg,1,50,20,7,37
val/00000550.jpg,56,74,66,84,23
val/00000551.jpg,16,45,83,38,59
val/00000552.jpg,41,90,63,64,69
val/00000553.jpg,2,0,9,5,96
val/00000554.jpg,87,15,95,2,75
val/00000555.jpg,60,22,72,90,69
val/00000556.jpg,17,26,86,54,34
val/00000557.jpg,54,26,16,59,83
val/00000558.jpg,7,1,20,48,91
val/00000559.jpg,12,77,92,21,27
val/00000560.jpg,52,24,79,19,35
val/00000561.jpg,71,42,67,32,0
val/00000562.jpg,53,72,24,81,68
val/00000563.jpg,27,72,99,51,21
val/00000564.jpg,84,56,68,57,3
val/00000565.jpg,51,15,35,87,66
val/00000566.jpg,43,24,79,52,83
val/00000567.jpg,65,3,48,86,78
val/00000568.jpg,58,20,28,91,65
val/00000569.jpg,83,16,60,64,54
val/00000570.jpg,60,59,19,89,90
val/00000571.jpg,30,82,99,21,49
val/00000572.jpg,60,19,64,72,7
val/00000573.jpg,94,67,0,71,32
val/00000574.jpg,74,6,58,69,10
val/00000575.jpg,30,49,75,32,99
val/00000576.jpg,36,19,72,7,81
val/00000577.jpg,60,64,1,83,43
val/00000578.jpg,20,14,37,17,34
val/00000579.jpg,95,23,74,15,87
val/00000580.jpg,28,10,13,34,17
val/00000581.jpg,23,66,88,69,64
val/00000582.jpg,40,92,97,51,35
val/00000583.jpg,33,58,78,10,48
val/00000584.jpg,28,58,20,33,78
val/00000585.jpg,5,82,30,0,24
val/00000586.jpg,49,26,10,37,78
val/00000587.jpg,68,98,97,29,31
val/00000588.jpg,80,96,29,89,5
val/00000589.jpg,9,29,97,98,68
val/00000590.jpg,41,64,63,90,89
val/00000591.jpg,77,79,97,12,92
val/00000592.jpg,6,69,34,17,60
val/00000593.jpg,0,42,5,41,89
val/00000594.jpg,23,66,90,22,69
val/00000595.jpg,26,78,10,54,37
val/00000596.jpg,14,78,37,17,20
val/00000597.jpg,67,32,71,0,42
val/00000598.jpg,61,32,85,35,67
val/00000599.jpg,6,69,34,17,10
val/00000600.jpg,14,17,26,37,48
val/00000601.jpg,28,87,58,10,91
val/00000602.jpg,47,72,71,94,67
val/00000603.jpg,95,2,87,15,75
val/00000604.jpg,77,92,21,12,79
val/00000605.jpg,73,50,64,41,90
val/00000606.jpg,80,29,9,44,97
val/00000607.jpg,75,27,2,51,9
val/00000608.jpg,21,77,92,79,99
val/00000609.jpg,95,87,72,15,75
val/00000610.jpg,86,96,39,65,27
val/00000611.jpg,73,26,37,50,47
val/00000612.jpg,83,16,60,64,54
val/00000613.jpg,49,8,55,39,86
val/00000614.jpg,19,89,43,39,83
val/00000615.jpg,64,70,54,60,59
val/00000616.jpg,9,67,29,0,97
val/00000617.jpg,7,39,60,96,34
val/00000618.jpg,53,97,68,98,76
val/00000619.jpg,55,98,49,35,93
val/00000620.jpg,68,29,98,97,55
val/00000621.jpg,4,57,66,35,88
val/00000622.jpg,43,24,79,5,19
val/00000623.jpg,97,68,35,79,51
val/00000624.jpg,56,84,2,3,68
val/00000625.jpg,52,19,49,7,67
val/00000626.jpg,5,24,43,79,42
val/00000627.jpg,93,95,55,87,19
val/00000628.jpg,50,47,73,82,19
val/00000629.jpg,90,41,1,64,22
val/00000630.jpg,66,54,64,34,6
val/00000631.jpg,25,1,41,90,64
val/00000632.jpg,52,79,39,24,85
val/00000633.jpg,1,63,90,48,22
val/00000634.jpg,97,68,75,35,51
val/00000635.jpg,9,55,29,98,97
val/00000636.jpg,44,9,76,97,96
val/00000637.jpg,92,51,30,2,79
val/00000638.jpg,12,21,83,16,77
val/00000639.jpg,41,64,63,6,69
val/00000640.jpg,91,1,7,48,10
val/00000641.jpg,10,28,20,37,65
val/00000642.jpg,63,1,11,48,69
val/00000643.jpg,82,42,99,31,30
val/00000644.jpg,99,27,82,46,30
val/00000645.jpg,30,51,0,75,32
val/00000646.jpg,25,89,19,1,74
val/00000647.jpg,68,29,97,9,98
val/00000648.jpg,62,18,63,17,69
val/00000649.jpg,34,6,64,26,17
val/00000650.jpg,51,81,75,40,35
val/00000651.jpg,38,33,70,45,59
val/00000652.jpg,58,65,86,74,27
val/00000653.jpg,52,24,43,5,79
val/00000654.jpg,54,66,17,33,13
val/00000655.jpg,86,34,26,69,94
val/00000656.jpg,91,28,65,26,48
val/00000657.jpg,40,6,69,34,96
val/00000658.jpg,70,17,54,59,62
val/00000659.jpg,91,20,28,48,10
val/00000660.jpg,20,91,10,28,48
val/00000661.jpg,64,23,26,14,7
val/00000662.jpg,10,78,13,26,28
val/00000663.jpg,5,85,24,82,76
val/00000664.jpg,39,96,76,86,72
val/00000665.jpg,15,95,87,66,74
val/00000666.jpg,83,16,64,89,8
val/00000667.jpg,87,15,2,75,95
val/00000668.jpg,66,22,23,88,8
val/00000669.jpg,61,32,67,0,35
val/00000670.jpg,96,99,40,27,74
val/00000671.jpg,33,38,58,13,70
val/00000672.jpg,81,53,24,76,57
val/00000673.jpg,34,17,26,37,6
val/00000674.jpg,15,87,74,95,51
val/00000675.jpg,47,42,39,67,3
val/00000676.jpg,44,40,35,74,69
val/00000677.jpg,29,68,97,9,98
val/00000678.jpg,8,7,2,36,88
val/00000679.jpg,92,77,79,24,96
val/00000680.jpg,18,62,45,59,16
val/00000681.jpg,57,81,68,84,98
val/00000682.jpg,1,63,48,90,7
val/00000683.jpg,9,97,96,35,40
val/00000684.jpg,55,44,9,2,97
val/00000685.jpg,66,64,11,23,56
val/00000686.jpg,39,86,96,82,76
val/00000687.jpg,88,11,69,22,14
val/00000688.jpg,48,20,37,10,91
val/00000689.jpg,28,65,91,3,26
val/00000690.jpg,63,37,69,72,78
val/00000691.jpg,26,10,17,37,59
val/00000692.jpg,95,87,75,2,15
val/00000693.jpg,41,63,90,1,42
val/00000694.jpg,51,27,15,74,92
val/00000695.jpg,35,79,61,24,43
val/00000696.jpg,42,31,49,93,71
val/00000697.jpg,22,11,14,1,63
val/00000698.jpg,47,72,50,73,76
val/00000699.jpg,12,77,92,40,21
val/00000700.jpg,49,99,93,65,55
val/00000701.jpg,35,68,79,97,52
val/00000702.jpg,10,37,48,20,17
val/00000703.jpg,35,79,61,51,97
val/00000704.jpg,7,3,72,65,47
val/00000705.jpg,63,18,62,6,45
val/00000706.jpg,3,49,71,24,67
val/00000707.jpg,77,92,21,79,12
val/00000708.jpg,51,21,30,49,92
val/00000709.jpg,73,50,28,20,10
val/00000710.jpg,39,7,72,1,33
val/00000711.jpg,51,27,99,97,21
val/00000712.jpg,87,75,15,51,2
val/00000713.jpg,1,75,88,34,23
val/00000714.jpg,35,61,24,52,79
val/00000715.jpg,57,81,35,52,79
val/00000716.jpg,7,54,10,69,58
val/00000717.jpg,57,19,98,68,81
val/00000718.jpg,2,42,39,43,49
val/00000719.jpg,35,98,40,51,77
val/00000720.jpg,28,10,34,69,26
val/00000721.jpg,43,5,9,97,29
val/00000722.jpg,9,80,29,44,2
val/00000723.jpg,94,67,71,0,32
val/00000724.jpg,89,95,8,56,23
val/00000725.jpg,85,39,72,53,24
val/00000726.jpg,54,60,26,7,17
val/00000727.jpg,76,24,39,36,53
val/00000728.jpg,42,5,89,71,67
val/00000729.jpg,19,52,72,57,79
val/00000730.jpg,33,17,66,70,54
val/00000731.jpg,0,32,67,71,85
val/00000732.jpg,40,44,35,92,68
val/00000733.jpg,20,48,91,60,33
val/00000734.jpg,88,3,49,69,14
val/00000735.jpg,16,18,54,62,70
val/00000736.jpg,35,61,52,79,68
val/00000737.jpg,54,7,19,91,26
val/00000738.jpg,10,28,20,26,91
val/00000739.jpg,41,90,1,50,63
val/00000740.jpg,50,72,81,53,47
val/00000741.jpg,59,19,89,16,60
val/00000742.jpg,88,8,14,11,4
val/00000743.jpg,33,58,54,70,48
val/00000744.jpg,28,3,91,65,74
val/00000745.jpg,88,8,14,4,98
val/00000746.jpg,99,21,92,77,51
val/00000747.jpg,5,43,0,71,85
val/00000748.jpg,72,99,46,31,50
val/00000749.jpg,16,83,18,54,17
val/00000750.jpg,44,9,35,6,97
val/00000751.jpg,43,83,85,89,39
val/00000752.jpg,70,33,38,64,58
val/00000753.jpg,96,27,77,55,79
val/00000754.jpg,31,57,68,98,84
val/00000755.jpg,61,67,32,94,0
val/00000756.jpg,19,52,7,39,79
val/00000757.jpg,44,96,39,86,82
val/00000758.jpg,88,8,2,11,87
val/00000759.jpg,96,29,86,39,76
val/00000760.jpg,83,16,49,18,30
val/00000761.jpg,68,97,98,53,31
val/00000762.jpg,64,34,6,83,63
val/00000763.jpg,90,76,1,25,22
val/00000764.jpg,88,14,22,8,4
val/00000765.jpg,43,79,5,55,97
val/00000766.jpg,27,79,77,96,55
val/00000767.jpg,49,79,55,43,97
val/00000768.jpg,92,12,77,79,21
val/00000769.jpg,99,30,82,21,46
val/00000770.jpg,77,21,92,79,99
val/00000771.jpg,88,4,36,69,23
val/00000772.jpg,77,92,21,12,97
val/00000773.jpg,88,8,14,11,13
val/00000774.jpg,77,92,12,79,21
val/00000775.jpg,55,98,35,79,43
val/00000776.jpg,87,15,2,95,75
val/00000777.jpg,84,68,27,97,98
val/00000778.jpg,28,10,91,65,6
val/00000779.jpg,85,39,3,83,24
val/00000780.jpg,51,15,87,95,66
val/00000781.jpg,23,66,22,88,95
val/00000782.jpg,2,8,56,30,13
val/00000783.jpg,17,6,60,34,70
val/00000784.jpg,20,62,45,17,37
val/00000785.jpg,87,15,2,75,95
val/00000786.jpg,98,68,97,57,77
val/00000787.jpg,57,52,80,19,35
val/00000788.jpg,11,13,69,58,14
val/00000789.jpg,38,33,70,45,78
val/00000790.jpg,76,39,43,90,24
val/00000791.jpg,6,18,58,69,28
val/00000792.jpg,93,55,84,35,31
val/00000793.jpg,35,79,92,55,61
val/00000794.jpg,58,33,20,28,70
val/00000795.jpg,26,65,28,91,34
val/00000796.jpg,65,86,75,91,48
val/00000797.jpg,34,20,26,28,91
val/00000798.jpg,31,47,19,76,50
val/00000799.jpg,25,90,64,41,60
val/00000800.jpg,89,7,19,2,8
val/00000801.jpg,41,90,64,22,1
val/00000802.jpg,50,73,47,72,34
val/00000803.jpg,9,29,96,40,97
val/00000804.jpg,30,94,2,49,92
val/00000805.jpg,98,9,68,29,97
val/00000806.jpg,96,99,76,21,86
val/00000807.jpg,22,1,23,14,11
val/00000808.jpg,53,72,47,46,76
val/00000809.jpg,51,21,99,77,97
val/00000810.jpg,44,35,55,68,97
val/00000811.jpg,94,67,71,32,31
val/00000812.jpg,10,37,58,78,28
val/00000813.jpg,66,74,64,63,6
val/00000814.jpg,73,50,28,47,20
val/00000815.jpg,98,68,97,57,35
val/00000816.jpg,75,87,23,81,72
val/00000817.jpg,67,52,71,94,32
val/00000818.jpg,79,35,61,92,52
val/00000819.jpg,70,17,33,54,37
val/00000820.jpg,15,51,81,72,87
val/00000821.jpg,95,87,75,15,2
val/00000822.jpg,15,87,75,95,2
val/00000823.jpg,23,66,88,95,17
val/00000824.jpg,39,3,79,52,24
val/00000825.jpg,10,78,48,37,26
val/00000826.jpg,83,16,64,60,34
val/00000827.jpg,29,86,92,21,77
val/00000828.jpg,92,79,24,5,77
val/00000829.jpg,25,1,22,14,38
val/00000830.jpg,1,7,48,91,34
val/00000831.jpg,59,16,70,60,45
val/00000832.jpg,1,90,64,34,50
val/00000833.jpg,86,47,39,72,32
val/00000834.jpg,54,33,26,17,78
val/00000835.jpg,34,28,3,65,6
val/00000836.jpg,50,37,47,73,78
val/00000837.jpg,25,1,90,41,69
val/00000838.jpg,68,98,97,29,77
val/00000839.jpg,86,74,34,26,65
val/00000840.jpg,93,42,49,55,99
val/00000841.jpg,70,33,38,64,17
val/00000842.jpg,43,89,96,55,29
val/00000843.jpg,81,72,39,46,55
val/00000844.jpg,84,56,3,2,74
val/00000845.jpg,42,71,0,67,32
val/00000846.jpg,97,68,79,77,35
val/00000847.jpg,28,20,91,10,37
val/00000848.jpg,72,46,19,7,99
val/00000849.jpg,34,28,91,20,65
val/00000850.jpg,27,74,3,99,77
val/00000851.jpg,90,41,64,73,69
val/00000852.jpg,74,27,20,3,7
val/00000853.jpg,82,31,27,99,32
val/00000854.jpg,13,38,8,33,11
val/00000855.jpg,16,83,60,69,6
val/00000856.jpg,96,27,39,74,99
val/00000857.jpg,49,73,74,86,69
val/00000858.jpg,14,78,37,20,88
val/00000859.jpg,51,97,53,68,79
val/00000860.jpg,66,1,90,11,22
val/00000861.jpg,6,69,89,34,17
val/00000862.jpg,19,43,83,16,24
val/00000863.jpg,23,66,88,95,69
val/00000864.jpg,45,62,37,78,63
val/00000865.jpg,61,35,32,98,85
val/00000866.jpg,40,61,97,98,35
val/00000867.jpg,70,59,37,62,10
val/00000868.jpg,86,68,29,67,94
val/00000869.jpg,33,70,38,58,45
val/00000870.jpg,93,49,55,21,3
val/00000871.jpg,38,14,8,13,78
val/00000872.jpg,18,6,62,69,63
val/00000873.jpg,87,15,8,2,95
val/00000874.jpg,42,67,32,71,99
val/00000875.jpg,12,77,21,92,40
val/00000876.jpg,41,25,74,42,63
val/00000877.jpg,1,48,63,90,91
val/00000878.jpg,26,34,17,28,54
val/00000879.jpg,94,67,71,3,32
val/00000880.jpg,50,34,60,7,1
val/00000881.jpg,27,77,86,74,21
val/00000882.jpg,5,24,2,71,43
val/00000883.jpg,36,25,7,69,65
val/00000884.jpg,27,46,99,72,21
val/00000885.jpg,86,65,26,75,34
val/00000886.jpg,30,8,83,16,2
val/00000887.jpg,62,70,17,38,63
val/00000888.jpg,24,5,80,79,30
val/00000889.jpg,17,63,70,38,62
val/00000890.jpg,9,29,97,2,68
val/00000891.jpg,35,52,24,31,61
val/00000892.jpg,44,35,9,75,97
val/00000893.jpg,77,92,21,97,79
val/00000894.jpg,14,78,17,37,48
val/00000895.jpg,41,63,1,42,90
val/00000896.jpg,23,66,88,95,87
val/00000897.jpg,83,16,61,18,35
val/00000898.jpg,43,24,76,19,35
val/00000899.jpg,90,22,89,7,1
val/00000900.jpg,36,7,91,34,26
val/00000901.jpg,4,77,21,51,27
val/00000902.jpg,31,46,82,99,86
val/00000903.jpg,10,28,20,26,91
val/00000904.jpg,41,1,90,63,24
val/00000905.jpg,12,77,21,40,92
val/00000906.jpg,54,7,34,19,84
val/00000907.jpg,69,1,7,89,8
val/00000908.jpg,19,76,52,39,24
val/00000909.jpg,84,43,39,56,19
val/00000910.jpg,63,37,90,20,1
val/00000911.jpg,9,98,97,68,29
val/00000912.jpg,26,10,65,28,54
val/00000913.jpg,33,70,58,48,17
val/00000914.jpg,11,22,8,13,63
val/00000915.jpg,49,42,99,46,21
val/00000916.jpg,25,36,19,1,89
val/00000917.jpg,87,2,75,97,68
val/00000918.jpg,61,32,67,0,30
val/00000919.jpg,7,86,74,39,76
val/00000920.jpg,26,10,17,28,37
val/00000921.jpg,79,57,43,24,35
val/00000922.jpg,51,92,77,97,68
val/00000923.jpg,8,38,16,18,63
val/00000924.jpg,40,44,51,79,92
val/00000925.jpg,8,38,33,88,70
val/00000926.jpg,0,32,67,71,94
val/00000927.jpg,30,85,39,0,32
val/00000928.jpg,33,54,70,58,63
val/00000929.jpg,98,68,97,79,77
val/00000930.jpg,3,52,35,19,24
val/00000931.jpg,19,76,39,52,43
val/00000932.jpg,33,17,18,38,58
val/00000933.jpg,36,19,7,25,72
val/00000934.jpg,33,48,58,13,78
val/00000935.jpg,82,86,96,76,31
val/00000936.jpg,59,70,37,78,45
val/00000937.jpg,43,79,5,24,55
val/00000938.jpg,70,17,33,64,54
val/00000939.jpg,5,42,24,71,67
val/00000940.jpg,77,21,92,40,12
val/00000941.jpg,3,52,24,79,39
val/00000942.jpg,61,0,89,85,41
val/00000943.jpg,42,31,94,99,82
val/00000944.jpg,42,71,32,2,67
val/00000945.jpg,99,27,30,96,74
val/00000946.jpg,85,8,24,79,52
val/00000947.jpg,52,19,76,39,71
val/00000948.jpg,97,68,98,35,9
val/00000949.jpg,14,90,22,48,34
val/00000950.jpg,89,83,69,63,34
val/00000951.jpg,83,16,64,34,54
val/00000952.jpg,99,42,46,72,21
val/00000953.jpg,19,52,24,50,81
val/00000954.jpg,60,70,64,59,54
val/00000955.jpg,17,69,6,54,34
val/00000956.jpg,29,9,97,68,80
val/00000957.jpg,35,61,79,52,19
val/00000958.jpg,28,26,34,86,91
val/00000959.jpg,0,71,32,42,67
val/00000960.jpg,36,81,39,19,75
val/00000961.jpg,29,44,9,97,68
val/00000962.jpg,79,92,27,77,96
val/00000963.jpg,21,77,40,92,29
val/00000964.jpg,0,42,71,32,67
val/00000965.jpg,8,11,14,13,38
val/00000966.jpg,86,39,31,2,84
val/00000967.jpg,52,19,24,35,79
val/00000968.jpg,81,75,40,72,51
val/00000969.jpg,7,1,25,90,47
val/00000970.jpg,59,70,62,45,16
val/00000971.jpg,0,71,32,67,99
val/00000972.jpg,30,0,21,99,92
val/00000973.jpg,52,72,53,39,2
val/00000974.jpg,85,32,0,39,71
val/00000975.jpg,36,88,3,39,25
val/00000976.jpg,11,14,13,78,88
val/00000977.jpg,51,15,87,95,75
val/00000978.jpg,7,14,20,65,36
val/00000979.jpg,61,24,35,52,85
val/00000980.jpg,4,35,3,79,93
val/00000981.jpg,76,39,61,19,52
val/00000982.jpg,41,63,42,0,89
val/00000983.jpg,7,54,59,60,69
val/00000984.jpg,26,86,49,65,28
val/00000985.jpg,26,86,34,6,65
val/00000986.jpg,81,72,75,19,53
val/00000987.jpg,41,0,42,71,69
val/00000988.jpg,32,67,0,71,42
val/00000989.jpg,8,88,2,87,15
val/00000990.jpg,21,99,67,31,94
val/00000991.jpg,64,17,70,34,6
val/00000992.jpg,23,66,88,95,87
val/00000993.jpg,58,28,91,33,3
val/00000994.jpg,26,10,91,65,28
val/00000995.jpg,45,62,78,18,37
val/00000996.jpg,31,94,82,67,32
val/00000997.jpg,91,28,20,34,10
val/00000998.jpg,35,96,55,86,97
val/00000999.jpg,85,24,71,49,0
val/00001000.jpg,16,83,54,18,60
val/00001001.jpg,49,71,67,42,20
val/00001002.jpg,53,72,24,76,81
val/00001003.jpg,97,24,68,77,5
val/00001004.jpg,31,47,42,67,46
val/00001005.jpg,19,57,56,35,84
val/00001006.jpg,32,67,71,0,94
val/00001007.jpg,15,87,95,74,75
val/00001008.jpg,27,51,75,40,74
val/00001009.jpg,6,66,69,10,37
val/00001010.jpg,48,20,14,37,78
val/00001011.jpg,24,92,21,79,82
val/00001012.jpg,88,22,23,36,90
val/00001013.jpg,76,39,82,53,47
val/00001014.jpg,50,47,37,73,82
val/00001015.jpg,95,4,15,23,74
val/00001016.jpg,86,34,65,26,91
val/00001017.jpg,31,86,67,39,94
val/00001018.jpg,71,67,32,49,42
val/00001019.jpg,68,29,97,98,9
val/00001020.jpg,90,41,1,64,60
val/00001021.jpg,58,86,74,3,6
val/00001022.jpg,82,43,99,30,46
val/00001023.jpg,76,82,39,96,44
val/00001024.jpg,56,85,71,52,79
val/00001025.jpg,93,49,46,41,55
val/00001026.jpg,86,34,20,65,37
val/00001027.jpg,47,72,46,70,59
val/00001028.jpg,99,51,74,87,93
val/00001029.jpg,99,32,46,82,47
val/00001030.jpg,91,10,26,28,20
val/00001031.jpg,8,88,38,66,33
val/00001032.jpg,70,63,59,62,60
val/00001033.jpg,44,40,96,76,97
val/00001034.jpg,17,37,34,70,78
val/00001035.jpg,55,35,98,97,79
val/00001036.jpg,77,79,92,12,27
val/00001037.jpg,38,33,70,17,8
val/00001038.jpg,90,76,24,1,3
val/00001039.jpg,5,0,85,49,43
val/00001040.jpg,87,2,15,75,51
val/00001041.jpg,0,71,67,32,42
val/00001042.jpg,68,98,97,77,85
val/00001043.jpg,6,70,69,63,17
val/00001044.jpg,75,51,0,30,72
val/00001045.jpg,81,19,23,72,57
val/00001046.jpg,55,49,83,16,54
val/00001047.jpg,89,69,8,88,23
val/00001048.jpg,69,6,10,17,18
val/00001049.jpg,45,62,42,59,18
val/00001050.jpg,41,64,63,18,93
val/00001051.jpg,12,77,92,21,79
val/00001052.jpg,1,63,56,90,71
val/00001053.jpg,19,36,43,7,25
val/00001054.jpg,61,24,52,79,35
val/00001055.jpg,54,17,83,64,26
val/00001056.jpg,9,92,97,68,40
val/00001057.jpg,92,77,12,21,79
val/00001058.jpg,59,70,37,60,10
val/00001059.jpg,89,39,2,7,76
val/00001060.jpg,49,52,3,67,79
val/00001061.jpg,45,62,17,70,18
val/00001062.jpg,32,0,71,67,94
val/00001063.jpg,92,79,35,55,97
val/00001064.jpg,52,19,35,79,61
val/00001065.jpg,74,73,7,50,72
val/00001066.jpg,86,39,96,30,49
val/00001067.jpg,51,97,40,92,27
val/00001068.jpg,23,66,70,37,64
val/00001069.jpg,99,21,30,42,46
val/00001070.jpg,39,76,24,53,86
val/00001071.jpg,66,64,33,58,17
val/00001072.jpg,21,77,99,40,4
val/00001073.jpg,13,8,14,11,88
val/00001074.jpg,30,82,73,99,39
val/00001075.jpg,58,33,70,48,1
val/00001076.jpg,70,62,16,54,63
val/00001077.jpg,72,46,39,84,30
val/00001078.jpg,6,17,69,37,60
val/00001079.jpg,40,44,9,97,98
val/00001080.jpg,49,42,67,24,94
val/00001081.jpg,10,28,91,26,48
val/00001082.jpg,70,17,38,54,33
val/00001083.jpg,24,52,61,79,35
val/00001084.jpg,55,49,79,43,35
val/00001085.jpg,27,99,30,82,74
val/00001086.jpg,96,44,30,9,40
val/00001087.jpg,82,39,86,30,42
val/00001088.jpg,0,5,32,71,67
val/00001089.jpg,92,77,79,97,24
val/00001090.jpg,0,71,5,32,42
val/00001091.jpg,9,97,98,68,55
val/00001092.jpg,18,62,16,54,83
val/00001093.jpg,81,75,72,53,15
val/00001094.jpg,18,13,62,28,38
val/00001095.jpg,1,24,39,25,74
val/00001096.jpg,93,31,42,99,39
val/00001097.jpg,1,69,63,90,66
val/00001098.jpg,63,42,69,45,11
val/00001099.jpg,30,99,40,21,42
val/00001100.jpg,25,50,1,36,74
val/00001101.jpg,68,57,98,97,52
val/00001102.jpg,24,79,5,77,76
val/00001103.jpg,40,51,74,27,99
val/00001104.jpg,65,21,99,27,74
val/00001105.jpg,43,55,29,98,9
val/00001106.jpg,56,84,66,49,67
val/00001107.jpg,83,64,16,60,73
val/00001108.jpg,67,71,42,31,94
val/00001109.jpg,18,17,54,6,26
val/00001110.jpg,1,48,63,13,3
val/00001111.jpg,84,49,30,56,68
val/00001112.jpg,48,37,20,14,10
val/00001113.jpg,61,32,67,0,71
val/00001114.jpg,36,13,14,78,69
val/00001115.jpg,95,87,15,75,2
val/00001116.jpg,40,97,68,98,43
val/00001117.jpg,4,25,14,64,8
val/00001118.jpg,42,49,71,46,93
val/00001119.jpg,77,97,68,98,27
val/00001120.jpg,71,67,94,32,49
val/00001121.jpg,73,90,74,64,50
val/00001122.jpg,1,34,7,20,69
val/00001123.jpg,4,93,55,57,80
val/00001124.jpg,60,59,7,34,19
val/00001125.jpg,66,11,69,6,23
val/00001126.jpg,60,69,83,34,16
val/00001127.jpg,76,89,82,96,24
val/00001128.jpg,80,29,9,44,97
val/00001129.jpg,68,97,29,98,31
val/00001130.jpg,20,34,26,37,86
val/00001131.jpg,37,26,10,70,17
val/00001132.jpg,70,37,63,1,48
val/00001133.jpg,46,72,53,27,99
val/00001134.jpg,36,7,69,87,88
val/00001135.jpg,84,82,31,99,46
val/00001136.jpg,58,33,48,20,7
val/00001137.jpg,92,40,39,3,84
val/00001138.jpg,51,99,30,21,0
val/00001139.jpg,76,42,82,99,24
val/00001140.jpg,66,69,88,23,54
val/00001141.jpg,70,38,17,64,33
val/00001142.jpg,84,68,97,98,31
val/00001143.jpg,94,71,67,32,31
val/00001144.jpg,18,17,6,70,62
val/00001145.jpg,99,42,46,31,32
val/00001146.jpg,75,74,3,39,19
val/00001147.jpg,95,15,75,87,74
val/00001148.jpg,79,92,77,24,55
val/00001149.jpg,31,71,93,42,67
val/00001150.jpg,34,17,20,37,73
val/00001151.jpg,36,1,48,14,37
val/00001152.jpg,61,52,35,79,19
val/00001153.jpg,29,68,97,9,98
val/00001154.jpg,75,30,5,42,74
val/00001155.jpg,9,44,97,29,68
val/00001156.jpg,74,75,87,3,99
val/00001157.jpg,99,31,46,42,27
val/00001158.jpg,40,44,96,97,51
val/00001159.jpg,31,46,27,99,82
val/00001160.jpg,55,79,77,29,97
val/00001161.jpg,97,68,35,24,98
val/00001162.jpg,35,61,68,44,80
val/00001163.jpg,4,88,57,98,1
val/00001164.jpg,18,62,45,54,16
val/00001165.jpg,19,39,52,36,86
val/00001166.jpg,66,23,64,7,1
val/00001167.jpg,5,24,0,80,42
val/00001168.jpg,82,99,31,46,42
val/00001169.jpg,77,21,92,99,40
val/00001170.jpg,48,50,1,37,7
val/00001171.jpg,91,65,28,10,48
val/00001172.jpg,27,99,82,31,51
val/00001173.jpg,67,49,94,32,71
val/00001174.jpg,23,66,17,69,26
val/00001175.jpg,10,91,28,48,26
val/00001176.jpg,76,82,86,39,96
val/00001177.jpg,23,26,54,66,17
val/00001178.jpg,81,19,52,72,35
val/00001179.jpg,99,27,82,31,46
val/00001180.jpg,90,1,91,7,20
val/00001181.jpg,69,1,14,63,37
val/00001182.jpg,60,89,90,19,83
val/00001183.jpg,82,31,73,20,50
val/00001184.jpg,12,77,92,21,40
val/00001185.jpg,72,50,53,47,46
val/00001186.jpg,48,13,91,78,65
val/00001187.jpg,59,60,16,70,83
val/00001188.jpg,42,71,0,67,89
val/00001189.jpg,21,99,77,30,12
val/00001190.jpg,10,48,37,63,78
val/00001191.jpg,4,69,88,10,77
val/00001192.jpg,86,96,39,74,30
val/00001193.jpg,63,48,34,65,13
val/00001194.jpg,49,94,3,42,65
val/00001195.jpg,47,72,53,50,39
val/00001196.jpg,41,43,24,5,79
val/00001197.jpg,16,83,18,59,70
val/00001198.jpg,89,19,69,36,4
val/00001199.jpg,61,32,47,67,50
val/00001200.jpg,4,19,69,34,74
val/00001201.jpg,99,43,46,82,51
val/00001202.jpg,13,14,78,8,48
val/00001203.jpg,60,89,16,19,59
val/00001204.jpg,70,33,45,38,17
val/00001205.jpg,48,22,1,33,78
val/00001206.jpg,74,3,95,15,51
val/00001207.jpg,14,17,78,37,86
val/00001208.jpg,13,78,14,48,45
val/00001209.jpg,65,91,99,13,21
val/00001210.jpg,71,94,2,42,67
val/00001211.jpg,35,61,68,79,97
val/00001212.jpg,57,4,35,98,68
val/00001213.jpg,96,39,76,86,2
val/00001214.jpg,62,45,59,18,63
val/00001215.jpg,25,23,66,74,75
val/00001216.jpg,80,29,79,35,97
val/00001217.jpg,98,77,68,97,29
val/00001218.jpg,33,48,58,7,78
val/00001219.jpg,87,15,95,2,75
val/00001220.jpg,10,78,48,37,28
val/00001221.jpg,0,32,67,71,85
val/00001222.jpg,94,67,71,3,31
val/00001223.jpg,0,32,67,71,42
val/00001224.jpg,30,96,99,39,49
val/00001225.jpg,44,61,35,68,9
val/00001226.jpg,74,15,3,39,75
val/00001227.jpg,59,45,37,70,78
val/00001228.jpg,27,77,92,12,79
val/00001229.jpg,49,42,32,39,0
val/00001230.jpg,84,56,74,27,49
val/00001231.jpg,26,10,37,78,17
val/00001232.jpg,79,24,52,35,53
val/00001233.jpg,57,84,68,4,35
val/00001234.jpg,27,31,82,97,51
val/00001235.jpg,53,72,50,24,61
val/00001236.jpg,18,62,54,16,69
val/00001237.jpg,2,39,89,44,81
val/00001238.jpg,71,0,32,85,42
val/00001239.jpg,14,22,8,13,38
val/00001240.jpg,56,50,42,47,84
val/00001241.jpg,18,42,63,62,82
val/00001242.jpg,24,41,1,89,90
val/00001243.jpg,4,77,55,21,10
val/00001244.jpg,78,37,20,48,14
val/00001245.jpg,39,32,67,42,85
val/00001246.jpg,10,59,48,13,28
val/00001247.jpg,26,58,10,54,6
val/00001248.jpg,75,87,68,97,51
val/00001249.jpg,76,24,89,5,96
val/00001250.jpg,51,97,40,68,75
val/00001251.jpg,57,4,52,79,35
val/00001252.jpg,42,99,46,71,32
val/00001253.jpg,82,31,40,97,44
val/00001254.jpg,64,88,66,54,8
val/00001255.jpg,68,97,57,79,55
val/00001256.jpg,30,0,49,71,42
val/00001257.jpg,87,15,95,2,66
val/00001258.jpg,93,55,35,43,61
val/00001259.jpg,46,53,49,79,72
val/00001260.jpg,42,71,67,0,31
val/00001261.jpg,95,87,15,49,23
val/00001262.jpg,74,3,87,75,51
val/00001263.jpg,66,23,88,10,14
val/00001264.jpg,25,70,38,60,1
val/00001265.jpg,97,29,68,9,44
val/00001266.jpg,66,23,56,64,22
val/00001267.jpg,20,78,63,14,48
val/00001268.jpg,15,51,87,21,77
val/00001269.jpg,57,68,81,84,35
val/00001270.jpg,0,32,46,42,67
val/00001271.jpg,63,42,69,32,50
val/00001272.jpg,29,97,68,9,27
val/00001273.jpg,62,18,45,78,10
val/00001274.jpg,2,49,46,39,72
val/00001275.jpg,24,35,79,43,39
val/00001276.jpg,32,11,71,8,13
val/00001277.jpg,6,33,70,37,58
val/00001278.jpg,18,16,62,45,6
val/00001279.jpg,3,74,24,72,39
val/00001280.jpg,44,97,68,40,9
val/00001281.jpg,89,69,63,23,1
val/00001282.jpg,45,78,63,14,37
val/00001283.jpg,6,63,11,34,69
val/00001284.jpg,50,37,47,72,48
val/00001285.jpg,64,83,60,1,90
val/00001286.jpg,19,72,52,50,3
val/00001287.jpg,34,26,14,17,28
val/00001288.jpg,87,51,2,15,95
val/00001289.jpg,22,14,23,88,37
val/00001290.jpg,1,90,69,25,7
val/00001291.jpg,65,26,86,91,28
val/00001292.jpg,36,19,25,81,52
val/00001293.jpg,30,49,55,43,5
val/00001294.jpg,11,22,14,8,88
val/00001295.jpg,58,33,88,3,74
val/00001296.jpg,82,99,31,27,86
val/00001297.jpg,49,55,79,93,21
val/00001298.jpg,7,39,91,1,20
val/00001299.jpg,14,78,48,13,37
val/00001300.jpg,90,74,73,41,89
val/00001301.jpg,9,96,98,84,29
val/00001302.jpg,16,49,69,26,83
val/00001303.jpg,88,8,14,69,64
val/00001304.jpg,15,87,95,74,75
val/00001305.jpg,91,28,7,48,65
val/00001306.jpg,74,15,51,99,3
val/00001307.jpg,89,69,6,41,63
val/00001308.jpg,17,14,20,37,70
val/00001309.jpg,97,68,92,77,79
val/00001310.jpg,6,34,69,17,26
val/00001311.jpg,25,7,1,69,74
val/00001312.jpg,60,34,64,26,59
val/00001313.jpg,63,64,6,70,69
val/00001314.jpg,60,50,70,59,47
val/00001315.jpg,25,1,19,89,69
val/00001316.jpg,89,69,41,63,1
val/00001317.jpg,18,54,62,16,45
val/00001318.jpg,30,85,99,49,42
val/00001319.jpg,45,78,13,62,63
val/00001320.jpg,20,28,14,37,78
val/00001321.jpg,74,73,50,90,24
val/00001322.jpg,18,62,45,54,70
val/00001323.jpg,70,38,63,54,45
val/00001324.jpg,13,11,38,8,88
val/00001325.jpg,59,70,60,16,37
val/00001326.jpg,32,71,0,67,42
val/00001327.jpg,20,28,91,10,7
val/00001328.jpg,12,77,83,79,49
val/00001329.jpg,81,72,50,53,75
val/00001330.jpg,98,68,97,29,53
val/00001331.jpg,72,49,46,42,50
val/00001332.jpg,29,9,97,68,80
val/00001333.jpg,7,19,36,52,72
val/00001334.jpg,4,88,29,8,80
val/00001335.jpg,16,83,18,54,60
val/00001336.jpg,21,77,92,30,99
val/00001337.jpg,49,71,67,42,55
val/00001338.jpg,60,17,54,70,7
val/00001339.jpg,0,69,67,32,30
val/00001340.jpg,53,76,79,24,40
val/00001341.jpg,97,68,35,79,43
val/00001342.jpg,50,73,53,72,47
val/00001343.jpg,17,54,69,6,18
val/00001344.jpg,74,19,95,81,35
val/00001345.jpg,56,22,60,1,74
val/00001346.jpg,0,71,32,79,67
val/00001347.jpg,16,54,70,18,83
val/00001348.jpg,25,36,1,90,60
val/00001349.jpg,97,68,98,44,9
val/00001350.jpg,9,29,98,97,96
val/00001351.jpg,57,35,52,19,79
val/00001352.jpg,21,77,99,3,94
val/00001353.jpg,88,11,14,13,8
val/00001354.jpg,7,86,39,69,26
val/00001355.jpg,39,85,3,19,52
val/00001356.jpg,60,73,59,50,70
val/00001357.jpg,59,70,16,60,62
val/00001358.jpg,66,23,75,74,87
val/00001359.jpg,59,16,70,54,60
val/00001360.jpg,67,71,32,94,0
val/00001361.jpg,80,96,9,44,43
val/00001362.jpg,28,91,10,34,65
val/00001363.jpg,50,73,63,69,37
val/00001364.jpg,71,52,79,49,43
val/00001365.jpg,51,97,68,75,27
val/00001366.jpg,27,77,5,97,96
val/00001367.jpg,83,16,60,54,18
val/00001368.jpg,26,10,17,37,20
val/00001369.jpg,53,81,72,68,97
val/00001370.jpg,98,97,68,29,27
val/00001371.jpg,76,82,47,39,40
val/00001372.jpg,5,2,0,9,67
val/00001373.jpg,27,46,77,99,12
val/00001374.jpg,8,33,38,13,58
val/00001375.jpg,85,71,49,39,52
val/00001376.jpg,14,49,3,88,22
val/00001377.jpg,16,83,59,18,70
val/00001378.jpg,46,99,82,21,27
val/00001379.jpg,33,38,8,78,13
val/00001380.jpg,33,58,17,54,38
val/00001381.jpg,68,98,97,77,29
val/00001382.jpg,50,3,37,93,72
val/00001383.jpg,69,94,89,86,67
val/00001384.jpg,35,52,79,61,19
val/00001385.jpg,86,39,28,74,65
val/00001386.jpg,17,70,64,54,59
val/00001387.jpg,83,64,16,60,54
val/00001388.jpg,28,26,10,91,58
val/00001389.jpg,89,39,69,86,2
val/00001390.jpg,7,36,25,90,69
val/00001391.jpg,72,53,47,3,46
val/00001392.jpg,78,63,37,14,45
val/00001393.jpg,97,68,79,77,51
val/00001394.jpg,96,86,9,44,39
val/00001395.jpg,35,61,19,52,79
val/00001396.jpg,90,41,6,63,22
val/00001397.jpg,33,70,54,17,38
val/00001398.jpg,4,3,88,49,98
val/00001399.jpg,51,97,68,75,21
val/00001400.jpg,13,56,42,11,49
val/00001401.jpg,0,71,32,46,42
val/00001402.jpg,62,63,59,45,37
val/00001403.jpg,81,72,75,53,15
val/00001404.jpg,8,13,38,88,78
val/00001405.jpg,66,19,56,58,33
val/00001406.jpg,25,41,90,74,73
val/00001407.jpg,29,98,68,97,44
val/00001408.jpg,7,39,86,20,65
val/00001409.jpg,5,24,79,80,92
val/00001410.jpg,16,18,83,54,64
val/00001411.jpg,62,38,18,33,63
val/00001412.jpg,45,62,78,70,59
val/00001413.jpg,21,99,40,77,30
val/00001414.jpg,87,15,95,75,2
val/00001415.jpg,50,37,78,72,47
val/00001416.jpg,41,64,90,63,1
val/00001417.jpg,77,83,82,30,96
val/00001418.jpg,69,63,3,91,65
val/00001419.jpg,7,36,4,39,69
val/00001420.jpg,61,35,52,79,24
val/00001421.jpg,39,46,72,96,86
val/00001422.jpg,60,70,33,59,38
val/00001423.jpg,62,18,45,28,10
val/00001424.jpg,36,19,78,14,7
val/00001425.jpg,14,10,4,28,78
val/00001426.jpg,94,71,67,32,42
val/00001427.jpg,9,40,97,98,68
val/00001428.jpg,39,49,67,32,86
val/00001429.jpg,1,91,90,48,63
val/00001430.jpg,30,39,82,72,46
val/00001431.jpg,51,15,87,99,75
val/00001432.jpg,6,18,70,69,33
val/00001433.jpg,92,79,30,24,77
val/00001434.jpg,81,53,79,24,35
val/00001435.jpg,70,33,38,58,45
val/00001436.jpg,84,40,3,30,74
val/00001437.jpg,8,23,88,22,14
val/00001438.jpg,72,53,7,50,81
val/00001439.jpg,85,61,89,52,79
val/00001440.jpg,4,22,49,24,88
val/00001441.jpg,53,44,72,81,27
val/00001442.jpg,29,97,68,9,44
val/00001443.jpg,41,24,39,89,76
val/00001444.jpg,0,85,71,32,5
val/00001445.jpg,0,49,42,67,30
val/00001446.jpg,85,61,53,24,52
val/00001447.jpg,49,56,2,72,79
val/00001448.jpg,44,35,74,19,3
val/00001449.jpg,25,41,69,63,90
val/00001450.jpg,30,71,85,49,61
val/00001451.jpg,54,4,18,70,16
val/00001452.jpg,16,83,18,54,62
val/00001453.jpg,10,91,26,28,48
val/00001454.jpg,14,78,48,37,63
val/00001455.jpg,98,31,3,68,39
val/00001456.jpg,21,51,99,92,79
val/00001457.jpg,77,92,79,97,21
val/00001458.jpg,33,38,70,17,54
val/00001459.jpg,67,82,31,43,24
val/00001460.jpg,16,54,83,17,37
val/00001461.jpg,46,31,99,84,27
val/00001462.jpg,18,62,45,38,63
val/00001463.jpg,39,86,88,85,49
val/00001464.jpg,8,11,88,13,63
val/00001465.jpg,4,69,88,49,3
val/00001466.jpg,63,45,62,13,18
val/00001467.jpg,9,29,97,68,98
val/00001468.jpg,45,13,78,63,62
val/00001469.jpg,92,77,12,21,99
val/00001470.jpg,78,65,48,13,10
val/00001471.jpg,69,93,54,6,7
val/00001472.jpg,55,35,57,98,93
val/00001473.jpg,70,62,58,59,54
val/00001474.jpg,93,27,79,55,31
val/00001475.jpg,96,27,86,99,74
val/00001476.jpg,96,30,84,39,98
val/00001477.jpg,18,54,62,16,17
val/00001478.jpg,22,11,90,1,14
val/00001479.jpg,38,8,13,88,33
val/00001480.jpg,86,67,0,32,39
val/00001481.jpg,85,53,39,24,52
val/00001482.jpg,56,84,74,3,30
val/00001483.jpg,19,52,85,39,24
val/00001484.jpg,78,37,14,70,63
val/00001485.jpg,23,66,88,95,69
val/00001486.jpg,71,67,32,42,0
val/00001487.jpg,72,50,7,19,53
val/00001488.jpg,52,19,35,39,86
val/00001489.jpg,68,97,98,77,29
val/00001490.jpg,79,55,35,96,98
val/00001491.jpg,49,46,76,24,89
val/00001492.jpg,94,69,32,86,82
val/00001493.jpg,73,50,74,82,47
val/00001494.jpg,84,68,97,98,31
val/00001495.jpg,59,16,70,60,62
val/00001496.jpg,68,29,97,84,67
val/00001497.jpg,66,54,15,64,58
val/00001498.jpg,83,16,60,59,54
val/00001499.jpg,78,13,48,37,33
val/00001500.jpg,48,7,69,1,25
val/00001501.jpg,52,72,39,86,85
val/00001502.jpg,45,62,63,78,59
val/00001503.jpg,62,45,70,18,59
val/00001504.jpg,71,32,67,0,42
val/00001505.jpg,72,46,99,30,53
val/00001506.jpg,14,37,78,50,69
val/00001507.jpg,62,17,63,70,33
val/00001508.jpg,31,82,99,27,68
val/00001509.jpg,71,42,0,51,32
val/00001510.jpg,60,34,69,6,70
val/00001511.jpg,61,40,6,35,3
val/00001512.jpg,99,30,46,82,42
val/00001513.jpg,98,84,57,55,61
val/00001514.jpg,6,60,64,69,34
val/00001515.jpg,20,26,86,17,37
val/00001516.jpg,91,10,20,28,26
val/00001517.jpg,73,50,94,74,47
val/00001518.jpg,19,7,39,52,69
val/00001519.jpg,28,20,91,10,45
val/00001520.jpg,87,15,75,2,95
val/00001521.jpg,96,76,27,43,39
val/00001522.jpg,35,79,3,61,52
val/00001523.jpg,97,68,79,43,55
val/00001524.jpg,51,21,79,92,97
val/00001525.jpg,70,38,33,37,17
val/00001526.jpg,38,45,78,13,33
val/00001527.jpg,98,68,97,77,40
val/00001528.jpg,94,24,79,85,49
val/00001529.jpg,85,32,71,39,49
val/00001530.jpg,41,89,6,69,63
val/00001531.jpg,97,9,68,29,98
val/00001532.jpg,56,66,84,74,60
val/00001533.jpg,24,5,43,79,53
val/00001534.jpg,0,5,24,30,71
val/00001535.jpg,97,68,31,9,29
val/00001536.jpg,21,79,49,53,35
val/00001537.jpg,94,3,0,49,32
val/00001538.jpg,38,45,70,78,13
val/00001539.jpg,96,86,9,30,39
val/00001540.jpg,48,78,13,14,63
val/00001541.jpg,9,68,29,97,98
val/00001542.jpg,51,15,66,95,87
val/00001543.jpg,12,77,92,83,40
val/00001544.jpg,16,18,83,62,54
val/00001545.jpg,36,19,25,4,54
val/00001546.jpg,26,86,54,17,34
val/00001547.jpg,14,8,63,69,11
val/00001548.jpg,34,69,7,1,41
val/00001549.jpg,66,15,23,54,17
val/00001550.jpg,9,29,44,97,68
val/00001551.jpg,26,6,10,34,69
val/00001552.jpg,3,85,39,24,40
val/00001553.jpg,31,46,47,99,82
val/00001554.jpg,5,24,0,43,79
val/00001555.jpg,18,62,45,89,59
val/00001556.jpg,33,58,48,70,78
val/00001557.jpg,66,58,64,33,6
val/00001558.jpg,81,75,72,50,40
val/00001559.jpg,96,27,76,24,53
val/00001560.jpg,50,93,74,47,58
val/00001561.jpg,80,29,9,5,68
val/00001562.jpg,4,77,80,79,69
val/00001563.jpg,8,88,11,38,33
val/00001564.jpg,14,78,27,22,13
val/00001565.jpg,26,65,91,28,10
val/00001566.jpg,22,88,8,14,11
val/00001567.jpg,37,20,14,48,78
val/00001568.jpg,64,90,66,1,41
val/00001569.jpg,10,7,54,60,26
val/00001570.jpg,83,60,16,13,54
val/00001571.jpg,7,26,59,10,20
val/00001572.jpg,80,29,44,9,5
val/00001573.jpg,43,5,30,96,82
val/00001574.jpg,88,1,22,69,14
val/00001575.jpg,96,46,39,43,19
val/00001576.jpg,12,77,21,46,99
val/00001577.jpg,92,79,77,97,40
val/00001578.jpg,18,64,41,38,62
val/00001579.jpg,92,77,79,12,21
val/00001580.jpg,99,27,46,31,30
val/00001581.jpg,33,70,54,17,38
val/00001582.jpg,2,94,67,86,5
val/00001583.jpg,91,48,10,7,58
val/00001584.jpg,41,90,1,89,63
val/00001585.jpg,49,56,42,71,85
val/00001586.jpg,96,40,98,9,97
val/00001587.jpg,47,58,7,64,72
val/00001588.jpg,10,28,33,58,20
val/00001589.jpg,41,64,89,18,63
val/00001590.jpg,29,80,97,79,68
val/00001591.jpg,28,91,10,26,20
val/00001592.jpg,94,67,71,31,3
val/00001593.jpg,87,15,51,75,2
val/00001594.jpg,77,68,21,97,98
val/00001595.jpg,49,67,71,56,32
val/00001596.jpg,55,49,9,96,30
val/00001597.jpg,31,94,86,3,93
val/00001598.jpg,77,92,21,79,12
val/00001599.jpg,74,3,73,51,15
val/00001600.jpg,1,48,69,34,91
val/00001601.jpg,30,82,96,43,27
val/00001602.jpg,95,75,23,74,3
val/00001603.jpg,9,98,97,29,44
val/00001604.jpg,5,24,92,79,0
val/00001605.jpg,79,71,24,0,49
val/00001606.jpg,19,79,35,55,27
val/00001607.jpg,95,75,15,87,2
val/00001608.jpg,66,64,60,54,56
val/00001609.jpg,26,20,34,91,73
val/00001610.jpg,42,46,99,89,82
val/00001611.jpg,33,70,38,17,58
val/00001612.jpg,40,12,21,77,92
val/00001613.jpg,9,96,75,97,2
val/00001614.jpg,27,74,99,86,96
val/00001615.jpg,23,56,95,66,84
val/00001616.jpg,49,2,55,43,46
val/00001617.jpg,18,38,64,62,54
val/00001618.jpg,2,71,67,42,0
val/00001619.jpg,6,69,63,18,62
val/00001620.jpg,92,40,51,0,99
val/00001621.jpg,36,25,7,2,19
val/00001622.jpg,32,0,67,71,94
val/00001623.jpg,6,64,90,66,69
val/00001624.jpg,77,27,79,55,97
val/00001625.jpg,53,97,68,55,44
val/00001626.jpg,43,5,24,97,53
val/00001627.jpg,50,47,72,31,46
val/00001628.jpg,45,17,38,63,78
val/00001629.jpg,2,96,86,39,30
val/00001630.jpg,13,78,45,65,42
val/00001631.jpg,59,60,62,54,16
val/00001632.jpg,14,20,76,8,37
val/00001633.jpg,77,29,79,21,97
val/00001634.jpg,99,21,77,40,51
val/00001635.jpg,84,68,31,56,57
val/00001636.jpg,28,91,10,20,65
val/00001637.jpg,28,65,20,91,48
val/00001638.jpg,60,54,83,16,59
val/00001639.jpg,57,80,55,35,4
val/00001640.jpg,4,98,29,68,35
val/00001641.jpg,47,50,46,7,76
val/00001642.jpg,16,83,64,70,59
val/00001643.jpg,87,15,51,66,75
val/00001644.jpg,9,44,29,97,96
val/00001645.jpg,0,80,94,5,67
val/00001646.jpg,43,24,79,5,92
val/00001647.jpg,2,53,43,76,46
val/00001648.jpg,52,61,19,35,79
val/00001649.jpg,34,6,26,17,10
val/00001650.jpg,37,78,14,45,63
val/00001651.jpg,33,58,38,70,13
val/00001652.jpg,30,92,49,21,99
val/00001653.jpg,4,48,69,77,10
val/00001654.jpg,30,99,82,32,49
val/00001655.jpg,99,42,46,82,49
val/00001656.jpg,77,21,40,12,99
val/00001657.jpg,22,14,11,8,13
val/00001658.jpg,99,0,77,92,82
val/00001659.jpg,8,38,11,88,13
val/00001660.jpg,79,27,92,55,77
val/00001661.jpg,56,39,34,74,25
val/00001662.jpg,7,69,14,63,37
val/00001663.jpg,62,18,45,78,63
val/00001664.jpg,70,59,60,54,7
val/00001665.jpg,76,53,46,47,82
val/00001666.jpg,52,19,39,93,79
val/00001667.jpg,24,52,19,76,79
val/00001668.jpg,3,84,39,19,74
val/00001669.jpg,25,19,89,36,72
val/00001670.jpg,15,87,95,51,66
val/00001671.jpg,74,41,63,12,90
val/00001672.jpg,2,96,29,9,76
val/00001673.jpg,91,28,20,34,26
val/00001674.jpg,25,36,7,54,70
val/00001675.jpg,54,7,69,17,60
val/00001676.jpg,95,87,2,75,15
val/00001677.jpg,42,30,32,49,46
val/00001678.jpg,83,16,18,69,54
val/00001679.jpg,71,67,32,42,0
val/00001680.jpg,89,41,90,83,1
val/00001681.jpg,62,18,70,54,63
val/00001682.jpg,39,89,7,69,96
val/00001683.jpg,19,72,31,56,46
val/00001684.jpg,22,60,33,38,70
val/00001685.jpg,11,58,14,34,17
val/00001686.jpg,43,96,35,79,97
val/00001687.jpg,65,99,86,30,91
val/00001688.jpg,21,77,40,99,4
val/00001689.jpg,89,39,74,25,24
val/00001690.jpg,20,91,28,14,10
val/00001691.jpg,39,3,24,74,76
val/00001692.jpg,25,1,74,50,19
val/00001693.jpg,72,53,39,85,24
val/00001694.jpg,66,14,8,13,33
val/00001695.jpg,63,62,45,42,18
val/00001696.jpg,51,21,99,97,0
val/00001697.jpg,63,38,70,1,69
val/00001698.jpg,12,77,41,21,92
val/00001699.jpg,55,79,49,57,52
val/00001700.jpg,65,48,91,20,3
val/00001701.jpg,29,68,97,98,9
val/00001702.jpg,27,12,77,92,96
val/00001703.jpg,54,33,70,17,38
val/00001704.jpg,48,14,78,37,13
val/00001705.jpg,85,39,52,61,71
val/00001706.jpg,42,71,0,67,32
val/00001707.jpg,26,65,91,28,34
val/00001708.jpg,96,77,40,21,99
val/00001709.jpg,2,8,13,89,26
val/00001710.jpg,19,52,79,72,81
val/00001711.jpg,81,68,84,97,53
val/00001712.jpg,13,11,38,33,8
val/00001713.jpg,7,34,69,20,47
val/00001714.jpg,11,69,56,41,49
val/00001715.jpg,21,77,40,99,65
val/00001716.jpg,75,87,51,15,66
val/00001717.jpg,43,97,55,29,68
val/00001718.jpg,27,93,99,31,46
val/00001719.jpg,10,48,37,28,26
val/00001720.jpg,80,96,26,86,69
val/00001721.jpg,64,83,41,90,16
val/00001722.jpg,50,47,72,53,46
val/00001723.jpg,87,15,51,75,30
val/00001724.jpg,22,93,56,41,11
val/00001725.jpg,86,94,2,31,68
val/00001726.jpg,45,62,18,59,13
val/00001727.jpg,31,99,71,82,67
val/00001728.jpg,86,65,29,21,68
val/00001729.jpg,45,59,63,70,62
val/00001730.jpg,60,19,89,36,16
val/00001731.jpg,38,45,13,63,78
val/00001732.jpg,18,16,83,62,54
val/00001733.jpg,8,89,1,88,36
val/00001734.jpg,63,11,41,69,18
val/00001735.jpg,58,11,69,22,78
val/00001736.jpg,77,92,12,21,40
val/00001737.jpg,17,33,54,7,70
val/00001738.jpg,41,69,64,63,11
val/00001739.jpg,34,64,20,63,14
val/00001740.jpg,96,27,9,39,86
val/00001741.jpg,71,32,67,0,42
val/00001742.jpg,0,42,24,50,71
val/00001743.jpg,40,77,92,68,97
val/00001744.jpg,98,68,53,29,97
val/00001745.jpg,60,34,64,50,7
val/00001746.jpg,16,18,83,62,54
val/00001747.jpg,99,51,46,21,27
val/00001748.jpg,17,86,69,6,37
val/00001749.jpg,31,32,67,94,61
val/00001750.jpg,25,63,78,50,70
val/00001751.jpg,79,55,77,27,29
val/00001752.jpg,68,98,85,97,29
val/00001753.jpg,2,76,39,79,43
val/00001754.jpg,38,13,33,63,48
val/00001755.jpg,31,94,82,67,97
val/00001756.jpg,13,78,14,48,45
val/00001757.jpg,63,11,48,78,37
val/00001758.jpg,60,70,59,54,19
val/00001759.jpg,18,54,16,62,83
val/00001760.jpg,5,0,24,2,79
val/00001761.jpg,42,5,71,0,24
val/00001762.jpg,48,91,10,7,37
val/00001763.jpg,3,71,24,49,94
val/00001764.jpg,18,62,54,45,16
val/00001765.jpg,75,51,87,68,27
val/00001766.jpg,89,69,45,6,59
val/00001767.jpg,34,17,6,37,60
val/00001768.jpg,48,38,36,1,13
val/00001769.jpg,9,29,68,97,80
val/00001770.jpg,32,0,67,71,42
val/00001771.jpg,45,69,37,78,14
val/00001772.jpg,8,87,88,2,15
val/00001773.jpg,88,49,4,24,3
val/00001774.jpg,30,27,74,49,75
val/00001775.jpg,97,68,29,98,77
val/00001776.jpg,29,77,97,68,79
val/00001777.jpg,15,87,95,75,2
val/00001778.jpg,69,0,89,94,67
val/00001779.jpg,47,64,50,60,73
val/00001780.jpg,57,35,43,80,79
val/00001781.jpg,83,16,60,59,64
val/00001782.jpg,47,50,27,72,99
val/00001783.jpg,80,29,44,97,9
val/00001784.jpg,39,19,86,74,76
val/00001785.jpg,96,86,39,27,82
val/00001786.jpg,71,94,67,42,31
val/00001787.jpg,91,28,48,20,10
val/00001788.jpg,86,54,26,34,65
val/00001789.jpg,54,26,17,10,7
val/00001790.jpg,33,70,17,37,58
val/00001791.jpg,73,74,50,3,21
val/00001792.jpg,7,54,17,69,70
val/00001793.jpg,93,31,4,55,49
val/00001794.jpg,5,0,42,71,24
val/00001795.jpg,66,33,54,58,7
val/00001796.jpg,7,72,19,54,70
val/00001797.jpg,51,97,92,40,79
val/00001798.jpg,71,42,67,94,0
val/00001799.jpg,86,96,39,27,74
val/00001800.jpg,83,16,59,62,63
val/00001801.jpg,81,75,35,61,44
val/00001802.jpg,7,39,36,19,47
val/00001803.jpg,89,41,69,63,6
val/00001804.jpg,50,73,47,53,37
val/00001805.jpg,10,26,7,91,28
val/00001806.jpg,24,50,3,81,75
val/00001807.jpg,85,52,39,61,49
val/00001808.jpg,81,53,50,72,46
val/00001809.jpg,74,99,3,21,30
val/00001810.jpg,14,78,37,23,48
val/00001811.jpg,15,87,95,81,75
val/00001812.jpg,38,13,78,17,45
val/00001813.jpg,1,20,50,7,48
val/00001814.jpg,41,63,69,89,64
val/00001815.jpg,26,60,54,34,10
val/00001816.jpg,95,15,87,74,75
val/00001817.jpg,95,87,15,2,75
val/00001818.jpg,10,26,50,19,59
val/00001819.jpg,69,60,1,63,7
val/00001820.jpg,89,24,76,39,90
val/00001821.jpg,24,90,43,5,1
val/00001822.jpg,58,93,74,27,99
val/00001823.jpg,85,39,49,52,71
val/00001824.jpg,97,68,29,79,43
val/00001825.jpg,48,91,37,26,78
val/00001826.jpg,3,49,32,94,67
val/00001827.jpg,86,65,74,91,96
val/00001828.jpg,53,68,29,97,72
val/00001829.jpg,47,50,37,26,72
val/00001830.jpg,19,52,3,15,39
val/00001831.jpg,64,6,83,73,70
val/00001832.jpg,20,28,91,10,37
val/00001833.jpg,41,64,63,16,89
val/00001834.jpg,3,52,39,24,86
val/00001835.jpg,88,23,66,14,17
val/00001836.jpg,87,15,8,75,33
val/00001837.jpg,41,0,89,42,67
val/00001838.jpg,57,68,84,98,97
val/00001839.jpg,86,39,82,96,76
val/00001840.jpg,71,0,42,32,67
val/00001841.jpg,55,9,96,98,44
val/00001842.jpg,82,99,27,46,51
val/00001843.jpg,91,28,65,26,10
val/00001844.jpg,95,87,23,15,2
val/00001845.jpg,26,10,48,37,78
val/00001846.jpg,35,61,52,68,24
val/00001847.jpg,48,78,37,65,13
val/00001848.jpg,17,73,86,45,37
val/00001849.jpg,78,45,37,14,13
val/00001850.jpg,81,53,24,35,27
val/00001851.jpg,3,74,39,87,88
val/00001852.jpg,56,11,22,1,84
val/00001853.jpg,31,94,68,67,97
val/00001854.jpg,83,16,89,18,64
val/00001855.jpg,10,26,91,48,28
val/00001856.jpg,13,11,88,8,14
val/00001857.jpg,5,24,43,0,79
val/00001858.jpg,93,55,31,74,21
val/00001859.jpg,93,74,49,31,99
val/00001860.jpg,21,77,55,99,51
val/00001861.jpg,56,84,66,54,74
val/00001862.jpg,27,77,55,96,21
val/00001863.jpg,99,21,0,42,32
val/00001864.jpg,32,0,67,71,77
val/00001865.jpg,15,87,74,51,75
val/00001866.jpg,4,10,69,36,88
val/00001867.jpg,89,69,22,11,41
val/00001868.jpg,63,33,1,58,38
val/00001869.jpg,40,98,61,75,68
val/00001870.jpg,2,43,5,96,76
val/00001871.jpg,78,37,26,10,14
val/00001872.jpg,8,13,38,14,78
val/00001873.jpg,72,95,87,53,75
val/00001874.jpg,7,66,34,69,90
val/00001875.jpg,75,87,15,51,2
val/00001876.jpg,77,21,99,12,92
val/00001877.jpg,23,66,17,75,26
val/00001878.jpg,13,45,78,38,11
val/00001879.jpg,63,69,6,41,42
val/00001880.jpg,28,10,26,91,65
val/00001881.jpg,7,74,69,39,20
val/00001882.jpg,22,69,89,14,37
val/00001883.jpg,28,91,65,58,3
val/00001884.jpg,78,37,14,17,63
val/00001885.jpg,82,31,99,76,47
val/00001886.jpg,32,71,0,67,79
val/00001887.jpg,96,39,86,35,55
val/00001888.jpg,36,86,39,19,72
val/00001889.jpg,35,79,55,97,98
val/00001890.jpg,28,91,58,20,65
val/00001891.jpg,64,20,34,89,6
val/00001892.jpg,79,35,24,44,43
val/00001893.jpg,9,96,30,75,44
val/00001894.jpg,16,83,89,18,60
val/00001895.jpg,59,60,16,83,69
val/00001896.jpg,39,7,20,12,3
val/00001897.jpg,99,42,31,93,65
val/00001898.jpg,60,13,59,38,25
val/00001899.jpg,37,78,74,19,17
val/00001900.jpg,89,69,90,63,2
val/00001901.jpg,50,73,47,72,59
val/00001902.jpg,25,78,7,37,17
val/00001903.jpg,18,45,62,17,78
val/00001904.jpg,76,82,98,39,86
val/00001905.jpg,64,83,16,73,60
val/00001906.jpg,76,24,96,39,90
val/00001907.jpg,61,43,79,35,24
val/00001908.jpg,16,18,54,83,62
val/00001909.jpg,36,3,7,39,56
val/00001910.jpg,78,37,48,10,7
val/00001911.jpg,55,98,96,4,77
val/00001912.jpg,34,20,86,26,7
val/00001913.jpg,86,49,26,65,39
val/00001914.jpg,42,62,67,45,89
val/00001915.jpg,69,8,88,33,38
val/00001916.jpg,61,18,42,39,24
val/00001917.jpg,8,88,11,14,13
val/00001918.jpg,85,39,89,24,43
val/00001919.jpg,69,42,34,63,86
val/00001920.jpg,47,64,90,7,76
val/00001921.jpg,96,30,89,76,5
val/00001922.jpg,45,63,17,37,69
val/00001923.jpg,10,28,91,26,49
val/00001924.jpg,12,21,77,40,99
val/00001925.jpg,66,11,90,1,8
val/00001926.jpg,92,79,43,24,77
val/00001927.jpg,18,62,45,16,54
val/00001928.jpg,22,1,60,48,90
val/00001929.jpg,55,79,92,43,97
val/00001930.jpg,42,94,67,71,5
val/00001931.jpg,94,31,67,32,71
val/00001932.jpg,2,8,89,72,39
val/00001933.jpg,38,70,33,1,13
val/00001934.jpg,41,63,42,64,0
val/00001935.jpg,8,23,66,88,38
val/00001936.jpg,8,38,13,78,11
val/00001937.jpg,20,37,70,14,33
val/00001938.jpg,32,67,0,61,71
val/00001939.jpg,77,4,79,55,29
val/00001940.jpg,31,50,84,47,72
val/00001941.jpg,89,39,3,31,32
val/00001942.jpg,64,60,70,59,17
val/00001943.jpg,35,52,79,61,19
val/00001944.jpg,96,29,9,43,97
val/00001945.jpg,16,83,18,62,54
val/00001946.jpg,69,1,89,63,60
val/00001947.jpg,55,35,79,52,43
val/00001948.jpg,51,92,99,79,21
val/00001949.jpg,82,42,89,32,0
val/00001950.jpg,56,66,49,74,15
val/00001951.jpg,83,43,24,85,5
val/00001952.jpg,59,60,16,58,70
val/00001953.jpg,80,35,68,29,75
val/00001954.jpg,58,33,20,28,91
val/00001955.jpg,50,72,53,3,93
val/00001956.jpg,92,12,77,99,21
val/00001957.jpg,66,11,8,88,64
val/00001958.jpg,17,11,78,13,14
val/00001959.jpg,43,5,79,24,30
val/00001960.jpg,60,23,66,20,90
val/00001961.jpg,24,53,52,43,72
val/00001962.jpg,42,63,86,65,78
val/00001963.jpg,62,18,45,63,38
val/00001964.jpg,15,74,75,87,95
val/00001965.jpg,29,97,68,80,98
val/00001966.jpg,36,64,87,15,88
val/00001967.jpg,21,4,77,15,55
val/00001968.jpg,26,78,17,14,86
val/00001969.jpg,5,29,0,86,68
val/00001970.jpg,9,86,29,2,67
val/00001971.jpg,28,91,65,10,20
val/00001972.jpg,7,76,39,89,36
val/00001973.jpg,82,73,31,32,30
val/00001974.jpg,60,50,91,48,37
val/00001975.jpg,96,30,99,77,21
val/00001976.jpg,38,33,22,60,70
val/00001977.jpg,32,67,71,0,42
val/00001978.jpg,36,78,37,19,69
val/00001979.jpg,61,32,67,71,30
val/00001980.jpg,77,92,21,12,99
val/00001981.jpg,40,51,75,99,97
val/00001982.jpg,10,48,78,26,28
val/00001983.jpg,54,62,17,18,69
val/00001984.jpg,58,33,70,54,48
val/00001985.jpg,37,78,48,17,45
val/00001986.jpg,99,46,74,27,82
val/00001987.jpg,94,91,28,69,21
val/00001988.jpg,13,14,8,88,78
val/00001989.jpg,9,97,68,29,98
val/00001990.jpg,7,17,54,86,26
val/00001991.jpg,18,62,6,16,69
val/00001992.jpg,64,83,16,17,73
val/00001993.jpg,7,69,54,50,1
val/00001994.jpg,2,71,8,42,89
val/00001995.jpg,10,78,48,65,26
val/00001996.jpg,87,75,2,15,91
val/00001997.jpg,19,52,79,49,43
val/00001998.jpg,35,61,52,19,79
val/00001999.jpg,28,10,91,65,26
val/00002000.jpg,38,33,58,70,54
val/00002001.jpg,70,54,64,17,26
val/00002002.jpg,20,7,91,10,26
val/00002003.jpg,46,84,99,92,79
val/00002004.jpg,39,19,52,3,20
val/00002005.jpg,23,17,88,70,75
val/00002006.jpg,12,41,77,92,21
val/00002007.jpg,89,45,19,69,59
val/00002008.jpg,4,88,28,8,69
val/00002009.jpg,59,73,70,16,47
val/00002010.jpg,98,68,55,97,35
val/00002011.jpg,5,0,24,43,67
val/00002012.jpg,42,99,32,67,31
val/00002013.jpg,55,35,56,84,49
val/00002014.jpg,18,62,45,89,59
val/00002015.jpg,23,88,8,69,14
val/00002016.jpg,32,67,71,0,42
val/00002017.jpg,64,33,88,66,23
val/00002018.jpg,61,67,94,69,71
val/00002019.jpg,18,69,6,17,16
val/00002020.jpg,66,11,34,64,69
val/00002021.jpg,89,94,69,20,10
val/00002022.jpg,63,17,59,37,78
val/00002023.jpg,25,38,1,13,78
val/00002024.jpg,15,95,87,51,74
val/00002025.jpg,59,70,17,45,62
val/00002026.jpg,71,32,67,94,0
val/00002027.jpg,92,79,46,55,21
val/00002028.jpg,24,43,4,79,49
val/00002029.jpg,56,49,84,88,95
val/00002030.jpg,68,80,35,98,97
val/00002031.jpg,66,23,56,69,1
val/00002032.jpg,83,16,89,69,6
val/00002033.jpg,28,58,10,91,20
val/00002034.jpg,93,19,4,60,69
val/00002035.jpg,18,45,54,62,17
val/00002036.jpg,78,13,10,48,28
val/00002037.jpg,39,75,86,2,44
val/00002038.jpg,3,52,39,65,93
val/00002039.jpg,74,73,6,34,50
val/00002040.jpg,69,10,6,63,94
val/00002041.jpg,8,88,2,38,3
val/00002042.jpg,21,29,94,67,80
val/00002043.jpg,97,68,98,51,40
val/00002044.jpg,52,79,19,39,32
val/00002045.jpg,5,24,43,79,49
val/00002046.jpg,89,41,69,18,42
val/00002047.jpg,50,1,73,60,37
val/00002048.jpg,51,55,79,77,97
val/00002049.jpg,86,65,20,28,34
val/00002050.jpg,27,51,97,68,81
val/00002051.jpg,10,37,14,20,26
val/00002052.jpg,58,33,17,62,18
val/00002053.jpg,83,61,16,69,6
val/00002054.jpg,72,69,50,63,90
val/00002055.jpg,51,27,97,68,40
val/00002056.jpg,70,17,45,38,37
val/00002057.jpg,14,17,13,8,78
val/00002058.jpg,18,16,83,62,89
val/00002059.jpg,44,9,97,98,68
val/00002060.jpg,37,78,10,48,26
val/00002061.jpg,26,10,17,65,91
val/00002062.jpg,27,79,55,97,68
val/00002063.jpg,99,46,42,21,72
val/00002064.jpg,35,61,57,98,55
val/00002065.jpg,56,84,75,81,44
val/00002066.jpg,95,87,2,15,75
val/00002067.jpg,67,32,0,71,61
val/00002068.jpg,14,17,13,78,26
val/00002069.jpg,41,63,0,69,11
val/00002070.jpg,7,36,69,1,4
val/00002071.jpg,71,67,49,32,42
val/00002072.jpg,67,32,0,71,42
val/00002073.jpg,95,68,74,55,75
val/00002074.jpg,50,31,65,86,42
val/00002075.jpg,49,55,4,83,15
val/00002076.jpg,6,69,62,18,17
val/00002077.jpg,94,67,71,31,32
val/00002078.jpg,69,7,4,54,1
val/00002079.jpg,21,99,30,65,40
val/00002080.jpg,33,13,78,48,70
val/00002081.jpg,54,17,33,58,26
val/00002082.jpg,10,26,28,91,37
val/00002083.jpg,58,33,48,20,91
val/00002084.jpg,29,55,53,97,79
val/00002085.jpg,66,23,1,64,88
val/00002086.jpg,53,72,81,46,47
val/00002087.jpg,45,26,17,69,37
val/00002088.jpg,82,73,99,86,46
val/00002089.jpg,43,2,96,30,49
val/00002090.jpg,65,48,91,90,37
val/00002091.jpg,63,69,62,45,38
val/00002092.jpg,24,79,52,3,92
val/00002093.jpg,65,72,39,47,32
val/00002094.jpg,37,63,70,10,17
val/00002095.jpg,91,28,10,65,48
val/00002096.jpg,1,90,7,91,20
val/00002097.jpg,31,82,32,67,0
val/00002098.jpg,94,67,71,3,61
val/00002099.jpg,89,73,90,41,69
val/00002100.jpg,57,61,35,52,98
val/00002101.jpg,25,17,20,50,70
val/00002102.jpg,19,39,52,7,72
val/00002103.jpg,86,96,39,9,29
val/00002104.jpg,51,97,68,98,40
val/00002105.jpg,89,24,1,85,43
val/00002106.jpg,49,71,67,32,42
val/00002107.jpg,30,43,96,49,99
val/00002108.jpg,78,13,37,48,45
val/00002109.jpg,31,43,84,24,56
val/00002110.jpg,24,71,49,79,94
val/00002111.jpg,3,94,86,67,49
val/00002112.jpg,3,24,39,76,5
val/00002113.jpg,95,2,87,75,15
val/00002114.jpg,10,60,26,59,37
val/00002115.jpg,59,70,45,38,16
val/00002116.jpg,51,21,99,79,92
val/00002117.jpg,48,1,37,78,63
val/00002118.jpg,24,3,39,19,52
val/00002119.jpg,20,34,28,26,91
val/00002120.jpg,26,34,60,17,69
val/00002121.jpg,61,32,67,30,49
val/00002122.jpg,9,44,97,29,68
val/00002123.jpg,35,52,61,79,24
val/00002124.jpg,62,18,45,63,69
val/00002125.jpg,26,10,86,49,91
val/00002126.jpg,89,5,90,7,76
val/00002127.jpg,68,97,98,29,53
val/00002128.jpg,92,74,21,12,3
val/00002129.jpg,30,0,49,71,32
val/00002130.jpg,74,86,27,75,96
val/00002131.jpg,84,56,68,97,57
val/00002132.jpg,9,98,97,29,68
val/00002133.jpg,93,49,55,42,99
val/00002134.jpg,37,14,63,20,48
val/00002135.jpg,89,0,24,85,71
val/00002136.jpg,83,16,64,18,41
val/00002137.jpg,69,54,7,17,34
val/00002138.jpg,80,29,44,9,68
val/00002139.jpg,48,78,37,17,14
val/00002140.jpg,35,52,24,81,43
val/00002141.jpg,86,65,39,34,26
val/00002142.jpg,94,3,65,14,28
val/00002143.jpg,96,39,86,9,74
val/00002144.jpg,25,36,19,78,14
val/00002145.jpg,89,41,0,76,5
val/00002146.jpg,75,87,15,95,65
val/00002147.jpg,18,54,16,62,83
val/00002148.jpg,7,91,1,48,20
val/00002149.jpg,83,16,60,64,6
val/00002150.jpg,99,96,86,30,74
val/00002151.jpg,38,8,13,33,11
val/00002152.jpg,35,52,79,43,61
val/00002153.jpg,36,25,7,72,19
val/00002154.jpg,97,68,98,9,29
val/00002155.jpg,40,77,12,17,92
val/00002156.jpg,14,78,37,38,22
val/00002157.jpg,5,43,24,79,0
val/00002158.jpg,98,68,97,29,40
val/00002159.jpg,52,35,79,24,19
val/00002160.jpg,90,76,5,39,24
val/00002161.jpg,85,39,52,61,24
val/00002162.jpg,2,44,89,19,8
val/00002163.jpg,74,21,3,77,40
val/00002164.jpg,16,83,18,54,60
val/00002165.jpg,8,38,13,78,14
val/00002166.jpg,92,40,77,12,21
val/00002167.jpg,71,67,24,52,32
val/00002168.jpg,93,3,31,94,67
val/00002169.jpg,43,24,5,31,35
val/00002170.jpg,93,55,49,4,31
val/00002171.jpg,49,67,94,32,61
val/00002172.jpg,59,70,62,60,16
val/00002173.jpg,50,53,73,72,52
val/00002174.jpg,71,32,67,3,94
val/00002175.jpg,13,32,11,8,0
val/00002176.jpg,92,79,77,29,55
val/00002177.jpg,31,94,67,71,68
val/00002178.jpg,60,34,90,22,64
val/00002179.jpg,92,12,77,79,21
val/00002180.jpg,46,99,42,50,72
val/00002181.jpg,87,15,75,88,2
val/00002182.jpg,86,96,74,82,76
val/00002183.jpg,55,27,4,49,98
val/00002184.jpg,57,84,68,98,97
val/00002185.jpg,54,33,70,17,66
val/00002186.jpg,87,51,15,75,66
val/00002187.jpg,62,54,10,58,70
val/00002188.jpg,82,76,39,3,50
val/00002189.jpg,37,10,14,48,78
val/00002190.jpg,79,55,92,27,77
val/00002191.jpg,61,55,35,97,77
val/00002192.jpg,32,71,0,67,42
val/00002193.jpg,25,1,41,74,69
val/00002194.jpg,16,83,60,54,17
val/00002195.jpg,2,49,94,32,30
val/00002196.jpg,8,88,64,11,33
val/00002197.jpg,68,98,97,29,77
val/00002198.jpg,60,16,83,18,64
val/00002199.jpg,61,35,52,19,68
val/00002200.jpg,38,78,13,48,45
val/00002201.jpg,99,77,21,96,12
val/00002202.jpg,32,30,82,0,61
val/00002203.jpg,56,49,84,1,66
val/00002204.jpg,53,72,46,21,27
val/00002205.jpg,42,39,50,19,99
val/00002206.jpg,0,32,71,67,85
val/00002207.jpg,40,44,97,68,98
val/00002208.jpg,35,81,44,9,97
val/00002209.jpg,9,80,68,29,0
val/00002210.jpg,77,96,12,4,92
val/00002211.jpg,51,97,77,79,21
val/00002212.jpg,30,83,49,34,0
val/00002213.jpg,41,64,90,89,69
val/00002214.jpg,0,71,67,32,5
val/00002215.jpg,46,31,47,82,99
val/00002216.jpg,47,72,53,46,50
val/00002217.jpg,64,83,66,16,11
val/00002218.jpg,81,76,24,71,52
val/00002219.jpg,55,29,35,4,79
val/00002220.jpg,68,97,35,43,24
val/00002221.jpg,1,89,85,24,53
val/00002222.jpg,73,82,30,99,74
val/00002223.jpg,44,84,68,35,9
val/00002224.jpg,10,28,26,65,69
val/00002225.jpg,24,79,4,49,52
val/00002226.jpg,61,35,79,67,52
val/00002227.jpg,7,69,23,66,19
val/00002228.jpg,96,39,40,9,30
val/00002229.jpg,75,87,15,2,81
val/00002230.jpg,51,87,75,15,27
val/00002231.jpg,10,69,11,13,83
val/00002232.jpg,74,86,27,39,44
val/00002233.jpg,15,87,95,51,66
val/00002234.jpg,19,33,38,70,1
val/00002235.jpg,85,39,3,61,52
val/00002236.jpg,27,46,51,79,72
val/00002237.jpg,85,39,52,24,72
val/00002238.jpg,85,49,72,39,24
val/00002239.jpg,73,74,99,30,82
val/00002240.jpg,77,27,79,92,97
val/00002241.jpg,91,28,20,7,65
val/00002242.jpg,12,77,21,92,40
val/00002243.jpg,52,85,19,39,24
val/00002244.jpg,32,71,0,67,42
val/00002245.jpg,19,57,35,52,98
val/00002246.jpg,67,32,31,71,99
val/00002247.jpg,30,99,21,49,46
val/00002248.jpg,9,2,44,96,29
val/00002249.jpg,86,65,72,95,7
val/00002250.jpg,9,29,80,67,94
val/00002251.jpg,43,79,55,97,35
val/00002252.jpg,48,14,91,28,65
val/00002253.jpg,96,77,92,79,76
val/00002254.jpg,57,80,35,4,55
val/00002255.jpg,92,0,71,32,79
val/00002256.jpg,29,80,44,9,97
val/00002257.jpg,65,91,78,48,28
val/00002258.jpg,47,72,50,7,53
val/00002259.jpg,32,67,0,42,71
val/00002260.jpg,49,54,26,86,7
val/00002261.jpg,14,78,48,37,13
val/00002262.jpg,15,74,95,66,56
val/00002263.jpg,4,14,88,69,49
val/00002264.jpg,92,21,77,30,99
val/00002265.jpg,70,17,62,45,63
val/00002266.jpg,88,64,8,66,11
val/00002267.jpg,47,72,42,31,50
val/00002268.jpg,50,72,53,47,37
val/00002269.jpg,25,1,23,50,7
val/00002270.jpg,20,37,28,91,89
val/00002271.jpg,93,49,42,99,3
val/00002272.jpg,60,16,83,59,6
val/00002273.jpg,11,66,88,22,69
val/00002274.jpg,71,43,0,79,49
val/00002275.jpg,48,78,37,70,33
val/00002276.jpg,23,66,88,64,95
val/00002277.jpg,46,73,99,53,72
val/00002278.jpg,51,99,74,30,40
val/00002279.jpg,86,39,96,27,9
val/00002280.jpg,89,69,45,37,50
val/00002281.jpg,59,45,70,37,10
val/00002282.jpg,52,19,35,79,68
val/00002283.jpg,94,67,71,31,42
val/00002284.jpg,14,78,45,22,37
val/00002285.jpg,29,9,97,68,98
val/00002286.jpg,29,68,97,9,98
val/00002287.jpg,52,19,79,24,35
val/00002288.jpg,18,54,62,16,70
val/00002289.jpg,23,66,22,69,88
val/00002290.jpg,23,66,95,56,11
val/00002291.jpg,49,32,67,39,3
val/00002292.jpg,27,46,72,31,99
val/00002293.jpg,69,89,59,37,45
val/00002294.jpg,61,35,52,79,24
val/00002295.jpg,21,77,4,99,40
val/00002296.jpg,32,0,71,67,94
val/00002297.jpg,51,21,92,99,77
val/00002298.jpg,73,50,20,74,82
val/00002299.jpg,81,75,35,40,39
val/00002300.jpg,95,87,15,74,2
val/00002301.jpg,76,24,77,53,5
val/00002302.jpg,75,27,74,19,81
val/00002303.jpg,46,27,99,31,82
val/00002304.jpg,41,11,63,64,69
val/00002305.jpg,65,48,7,91,86
val/00002306.jpg,4,55,10,26,8
val/00002307.jpg,61,0,30,85,32
val/00002308.jpg,23,66,88,14,8
val/00002309.jpg,65,86,26,34,78
val/00002310.jpg,54,16,83,18,60
val/00002311.jpg,78,48,10,58,37
val/00002312.jpg,83,18,16,69,6
val/00002313.jpg,12,77,21,92,96
val/00002314.jpg,60,69,7,89,34
val/00002315.jpg,74,75,51,95,99
val/00002316.jpg,13,78,11,33,63
val/00002317.jpg,9,29,80,97,44
val/00002318.jpg,87,15,8,2,95
val/00002319.jpg,58,33,38,70,62
val/00002320.jpg,69,89,49,94,0
val/00002321.jpg,90,73,50,47,74
val/00002322.jpg,3,94,65,50,67
val/00002323.jpg,34,30,86,74,27
val/00002324.jpg,11,13,38,63,33
val/00002325.jpg,55,79,92,43,9
val/00002326.jpg,80,29,94,88,67
val/00002327.jpg,27,82,99,31,72
val/00002328.jpg,69,6,13,11,63
val/00002329.jpg,24,76,96,39,5
val/00002330.jpg,36,7,39,72,19
val/00002331.jpg,68,98,97,29,9
val/00002332.jpg,82,99,31,30,27
val/00002333.jpg,73,50,37,42,14
val/00002334.jpg,96,27,76,40,99
val/00002335.jpg,58,10,62,37,26
val/00002336.jpg,71,56,94,32,67
val/00002337.jpg,8,88,38,18,14
val/00002338.jpg,42,71,49,72,46
val/00002339.jpg,96,27,86,39,99
val/00002340.jpg,80,77,79,29,92
val/00002341.jpg,85,52,39,24,79
val/00002342.jpg,53,72,39,24,2
val/00002343.jpg,28,26,91,65,10
val/00002344.jpg,27,74,96,77,99
val/00002345.jpg,90,1,24,89,25
val/00002346.jpg,20,28,91,34,10
val/00002347.jpg,75,95,87,71,23
val/00002348.jpg,2,87,15,21,99
val/00002349.jpg,8,38,33,13,88
val/00002350.jpg,61,35,85,98,0
val/00002351.jpg,18,62,45,54,17
val/00002352.jpg,83,16,6,69,30
val/00002353.jpg,89,69,37,17,60
val/00002354.jpg,3,61,84,68,30
val/00002355.jpg,28,91,58,20,10
val/00002356.jpg,65,48,91,49,7
val/00002357.jpg,52,79,19,35,68
val/00002358.jpg,12,77,21,92,41
val/00002359.jpg,52,74,19,79,3
val/00002360.jpg,2,96,9,39,30
val/00002361.jpg,25,7,74,87,15
val/00002362.jpg,61,32,67,0,71
val/00002363.jpg,3,65,21,94,67
val/00002364.jpg,31,81,57,19,84
val/00002365.jpg,51,30,21,61,49
val/00002366.jpg,55,49,30,77,92
val/00002367.jpg,85,0,71,32,67
val/00002368.jpg,10,26,48,78,37
val/00002369.jpg,74,21,77,30,27
val/00002370.jpg,21,77,92,40,79
val/00002371.jpg,23,66,33,14,64
val/00002372.jpg,50,31,65,78,48
val/00002373.jpg,10,37,34,17,20
val/00002374.jpg,45,63,78,13,62
val/00002375.jpg,30,49,86,99,82
val/00002376.jpg,91,20,10,28,48
val/00002377.jpg,79,80,29,35,55
val/00002378.jpg,66,56,95,87,23
val/00002379.jpg,25,74,1,7,39
val/00002380.jpg,95,87,74,15,75
val/00002381.jpg,40,92,97,96,82
val/00002382.jpg,51,97,40,79,68
val/00002383.jpg,52,81,19,39,24
val/00002384.jpg,77,21,97,68,92
val/00002385.jpg,81,35,79,56,97
val/00002386.jpg,87,75,2,15,95
val/00002387.jpg,63,69,45,89,42
val/00002388.jpg,15,87,95,75,66
val/00002389.jpg,77,79,55,92,68
val/00002390.jpg,97,9,68,98,29
val/00002391.jpg,58,33,70,17,62
val/00002392.jpg,82,40,97,77,30
val/00002393.jpg,83,16,60,59,89
val/00002394.jpg,47,72,50,7,53
val/00002395.jpg,69,49,34,83,30
val/00002396.jpg,40,92,21,97,77
val/00002397.jpg,28,91,10,26,65
val/00002398.jpg,27,31,68,93,72
val/00002399.jpg,23,66,88,11,17
val/00002400.jpg,68,97,29,84,98
val/00002401.jpg,90,73,7,69,41
val/00002402.jpg,53,72,47,50,44
val/00002403.jpg,66,64,87,15,95
val/00002404.jpg,50,47,39,72,19
val/00002405.jpg,68,97,98,29,35
val/00002406.jpg,51,81,57,35,79
val/00002407.jpg,83,16,64,60,34
val/00002408.jpg,87,15,75,2,51
val/00002409.jpg,98,88,8,4,61
val/00002410.jpg,95,87,15,75,2
val/00002411.jpg,89,16,59,41,69
val/00002412.jpg,97,43,68,9,29
val/00002413.jpg,32,0,99,71,67
val/00002414.jpg,78,48,65,37,14
val/00002415.jpg,94,71,67,75,31
val/00002416.jpg,57,4,98,68,84
val/00002417.jpg,16,27,51,35,4
val/00002418.jpg,22,90,1,14,11
val/00002419.jpg,68,35,57,98,97
val/00002420.jpg,40,99,30,82,51
val/00002421.jpg,58,70,33,64,60
val/00002422.jpg,67,32,42,71,0
val/00002423.jpg,16,18,83,62,59
val/00002424.jpg,33,38,8,58,13
val/00002425.jpg,63,6,17,38,45
val/00002426.jpg,65,78,48,42,37
val/00002427.jpg,48,37,49,20,7
val/00002428.jpg,97,9,68,29,98
val/00002429.jpg,56,71,42,84,67
val/00002430.jpg,26,28,65,91,8
val/00002431.jpg,33,54,70,66,17
val/00002432.jpg,91,28,73,20,10
val/00002433.jpg,23,66,7,17,26
val/00002434.jpg,74,50,46,89,42
val/00002435.jpg,8,88,20,14,33
val/00002436.jpg,43,2,39,76,55
val/00002437.jpg,44,97,9,98,68
val/00002438.jpg,23,66,88,17,37
val/00002439.jpg,0,32,71,5,67
val/00002440.jpg,31,68,84,94,67
val/00002441.jpg,96,39,86,89,42
val/00002442.jpg,84,68,97,44,31
val/00002443.jpg,7,19,96,69,39
val/00002444.jpg,46,99,42,39,72
val/00002445.jpg,92,79,30,12,77
val/00002446.jpg,30,72,31,99,84
val/00002447.jpg,43,24,79,53,5
val/00002448.jpg,60,54,83,64,34
val/00002449.jpg,53,72,46,79,27
val/00002450.jpg,44,29,97,68,98
val/00002451.jpg,8,26,2,13,34
val/00002452.jpg,17,89,69,14,88
val/00002453.jpg,58,33,7,86,65
val/00002454.jpg,32,31,71,67,46
val/00002455.jpg,25,23,73,74,89
val/00002456.jpg,9,29,97,68,98
val/00002457.jpg,6,37,69,34,63
val/00002458.jpg,67,80,69,39,32
val/00002459.jpg,93,52,39,19,49
val/00002460.jpg,32,27,99,42,46
val/00002461.jpg,85,24,0,32,39
val/00002462.jpg,62,45,18,59,70
val/00002463.jpg,13,69,49,63,7
val/00002464.jpg,22,38,64,63,66
val/00002465.jpg,74,25,39,96,19
val/00002466.jpg,86,43,30,82,29
val/00002467.jpg,81,53,72,24,52
val/00002468.jpg,42,49,71,0,46
val/00002469.jpg,41,46,49,83,69
val/00002470.jpg,76,2,87,24,71
val/00002471.jpg,17,66,88,54,75
val/00002472.jpg,92,79,24,30,21
val/00002473.jpg,86,82,76,39,99
val/00002474.jpg,54,18,16,70,62
val/00002475.jpg,46,99,42,31,93
val/00002476.jpg,29,9,55,80,98
val/00002477.jpg,55,43,98,84,46
val/00002478.jpg,49,94,32,67,71
val/00002479.jpg,84,56,68,27,31
val/00002480.jpg,16,83,89,60,54
val/00002481.jpg,26,10,48,37,78
val/00002482.jpg,5,24,79,43,0
val/00002483.jpg,44,97,40,68,53
val/00002484.jpg,95,15,87,75,74
val/00002485.jpg,28,10,65,18,26
val/00002486.jpg,36,7,39,25,69
val/00002487.jpg,8,13,88,38,11
val/00002488.jpg,17,14,37,34,78
val/00002489.jpg,59,70,16,45,62
val/00002490.jpg,46,99,73,31,74
val/00002491.jpg,5,24,49,80,94
val/00002492.jpg,63,42,1,13,48
val/00002493.jpg,23,66,88,11,17
val/00002494.jpg,1,41,63,90,69
val/00002495.jpg,38,70,33,45,62
val/00002496.jpg,69,89,6,34,63
val/00002497.jpg,4,88,93,22,57
val/00002498.jpg,93,4,35,55,49
val/00002499.jpg,67,49,71,79,32
val/00002500.jpg,17,58,6,70,20
val/00002501.jpg,7,60,54,69,91
val/00002502.jpg,92,49,79,55,56
val/00002503.jpg,62,45,63,18,16
val/00002504.jpg,68,97,98,29,94
val/00002505.jpg,62,59,45,70,63
val/00002506.jpg,34,10,28,20,37
val/00002507.jpg,89,2,5,94,76
val/00002508.jpg,48,37,78,22,10
val/00002509.jpg,2,96,86,55,29
val/00002510.jpg,65,28,91,58,10
val/00002511.jpg,10,91,28,20,48
val/00002512.jpg,19,52,57,72,42
val/00002513.jpg,51,15,87,75,66
val/00002514.jpg,63,46,42,49,69
val/00002515.jpg,98,68,97,77,57
val/00002516.jpg,27,46,30,74,49
val/00002517.jpg,92,79,21,99,77
val/00002518.jpg,8,36,89,14,22
val/00002519.jpg,72,46,47,50,53
val/00002520.jpg,76,91,26,90,7
val/00002521.jpg,28,91,65,10,26
val/00002522.jpg,66,23,95,68,49
val/00002523.jpg,44,96,40,9,39
val/00002524.jpg,27,79,92,77,97
val/00002525.jpg,72,19,36,7,25
val/00002526.jpg,89,39,83,1,85
val/00002527.jpg,54,18,17,62,45
val/00002528.jpg,20,37,26,78,59
val/00002529.jpg,57,35,79,43,52
val/00002530.jpg,50,31,47,32,82
val/00002531.jpg,81,44,35,75,52
val/00002532.jpg,11,38,13,45,8
val/00002533.jpg,75,87,95,51,74
val/00002534.jpg,64,73,41,83,63
val/00002535.jpg,20,28,34,37,14
val/00002536.jpg,13,38,48,78,8
val/00002537.jpg,91,58,20,33,48
val/00002538.jpg,18,62,54,16,83
val/00002539.jpg,67,71,42,94,49
val/00002540.jpg,72,47,46,50,53
val/00002541.jpg,2,7,42,39,86
val/00002542.jpg,54,70,64,60,38
val/00002543.jpg,23,66,37,17,69
val/00002544.jpg,63,45,78,59,13
val/00002545.jpg,21,77,65,99,4
val/00002546.jpg,59,70,54,69,64
val/00002547.jpg,1,63,38,8,64
val/00002548.jpg,65,48,78,13,37
val/00002549.jpg,79,21,77,55,43
val/00002550.jpg,36,0,24,92,32
val/00002551.jpg,87,75,2,15,30
val/00002552.jpg,20,17,10,37,26
val/00002553.jpg,13,38,11,78,45
val/00002554.jpg,92,77,79,12,21
val/00002555.jpg,86,82,99,31,42
val/00002556.jpg,90,11,66,69,56
val/00002557.jpg,3,49,68,4,52
val/00002558.jpg,92,39,3,24,85
val/00002559.jpg,37,69,14,78,63
val/00002560.jpg,50,1,37,48,90
val/00002561.jpg,3,94,89,28,69
val/00002562.jpg,26,28,10,91,65
val/00002563.jpg,94,67,71,32,3
val/00002564.jpg,71,42,67,0,94
val/00002565.jpg,68,35,80,61,29
val/00002566.jpg,18,62,70,54,58
val/00002567.jpg,22,63,11,69,1
val/00002568.jpg,91,28,20,48,58
val/00002569.jpg,52,35,79,61,24
val/00002570.jpg,30,82,99,21,32
val/00002571.jpg,43,5,79,24,96
val/00002572.jpg,91,28,20,10,26
val/00002573.jpg,43,5,39,24,30
val/00002574.jpg,91,65,99,3,24
val/00002575.jpg,86,96,27,39,82
val/00002576.jpg,94,49,86,93,67
val/00002577.jpg,65,86,3,48,72
val/00002578.jpg,7,74,39,19,91
val/00002579.jpg,36,7,14,69,25
val/00002580.jpg,33,64,38,70,58
val/00002581.jpg,68,97,98,29,53
val/00002582.jpg,15,95,87,75,49
val/00002583.jpg,43,5,79,29,24
val/00002584.jpg,10,59,7,48,37
val/00002585.jpg,6,34,69,64,41
val/00002586.jpg,58,33,34,13,66
val/00002587.jpg,41,64,89,63,83
val/00002588.jpg,26,10,28,91,20
val/00002589.jpg,28,91,26,65,10
val/00002590.jpg,55,43,79,98,35
val/00002591.jpg,22,38,8,88,15
val/00002592.jpg,67,32,0,71,49
val/00002593.jpg,8,26,23,87,2
val/00002594.jpg,93,31,49,71,55
val/00002595.jpg,68,97,98,79,55
val/00002596.jpg,23,66,56,70,36
val/00002597.jpg,91,20,28,89,10
val/00002598.jpg,15,87,95,51,66
val/00002599.jpg,33,38,8,13,58
val/00002600.jpg,14,37,48,20,78
val/00002601.jpg,91,26,28,65,10
val/00002602.jpg,73,82,99,31,46
val/00002603.jpg,50,74,73,47,72
val/00002604.jpg,53,68,81,72,97
val/00002605.jpg,15,87,66,81,95
val/00002606.jpg,23,66,88,64,95
val/00002607.jpg,61,35,52,79,55
val/00002608.jpg,62,63,18,69,16
val/00002609.jpg,77,21,92,30,80
val/00002610.jpg,20,28,91,10,26
val/00002611.jpg,54,18,17,70,60
val/00002612.jpg,67,32,94,71,49
val/00002613.jpg,4,69,77,80,24
val/00002614.jpg,63,17,54,62,18
val/00002615.jpg,79,55,51,27,52
val/00002616.jpg,63,16,83,62,38
val/00002617.jpg,41,63,6,60,90
val/00002618.jpg,67,32,0,42,71
val/00002619.jpg,83,30,85,39,43
val/00002620.jpg,13,48,11,78,6
val/00002621.jpg,59,45,37,78,10
val/00002622.jpg,15,87,2,95,19
val/00002623.jpg,30,0,32,82,49
val/00002624.jpg,34,61,85,83,56
val/00002625.jpg,48,13,14,78,10
val/00002626.jpg,11,66,22,56,69
val/00002627.jpg,70,33,38,45,62
val/00002628.jpg,82,31,32,67,94
val/00002629.jpg,81,19,72,27,3
val/00002630.jpg,96,29,10,55,86
val/00002631.jpg,21,46,97,77,99
val/00002632.jpg,82,31,32,99,27
val/00002633.jpg,78,63,48,33,13
val/00002634.jpg,75,74,95,81,86
val/00002635.jpg,46,53,27,76,99
val/00002636.jpg,83,16,18,59,54
val/00002637.jpg,23,66,95,88,75
val/00002638.jpg,47,7,72,76,36
val/00002639.jpg,92,12,77,30,99
val/00002640.jpg,12,30,99,40,82
val/00002641.jpg,23,66,17,36,7
val/00002642.jpg,50,73,37,47,17
val/00002643.jpg,80,29,44,9,97
val/00002644.jpg,39,52,19,86,76
val/00002645.jpg,7,86,65,75,19
val/00002646.jpg,91,28,65,10,26
val/00002647.jpg,10,28,91,65,26
val/00002648.jpg,95,87,75,15,74
val/00002649.jpg,82,31,27,46,99
val/00002650.jpg,53,68,97,81,35
val/00002651.jpg,21,77,99,40,92
val/00002652.jpg,16,83,60,59,54
val/00002653.jpg,13,58,48,33,14
val/00002654.jpg,18,62,54,16,17
val/00002655.jpg,91,28,20,10,65
val/00002656.jpg,9,40,97,44,29
val/00002657.jpg,67,94,3,99,21
val/00002658.jpg,41,89,42,18,64
val/00002659.jpg,85,39,71,49,32
val/00002660.jpg,9,2,75,97,87
val/00002661.jpg,15,87,95,75,74
val/00002662.jpg,29,68,9,97,98
val/00002663.jpg,96,86,99,5,82
val/00002664.jpg,72,46,99,37,75
val/00002665.jpg,92,79,77,97,24
val/00002666.jpg,54,16,18,83,70
val/00002667.jpg,41,90,1,89,64
val/00002668.jpg,4,69,27,77,55
val/00002669.jpg,61,35,52,79,18
val/00002670.jpg,67,71,0,32,94
val/00002671.jpg,50,73,47,46,72
val/00002672.jpg,3,95,72,91,75
val/00002673.jpg,28,10,37,91,20
val/00002674.jpg,63,59,45,62,16
val/00002675.jpg,13,8,11,38,88
val/00002676.jpg,26,10,17,28,65
val/00002677.jpg,65,48,78,37,94
val/00002678.jpg,49,88,3,52,2
val/00002679.jpg,24,5,2,43,74
val/00002680.jpg,99,82,42,46,31
val/00002681.jpg,87,15,75,51,2
val/00002682.jpg,50,72,37,20,65
val/00002683.jpg,22,11,88,14,8
val/00002684.jpg,66,23,91,10,7
val/00002685.jpg,43,5,79,24,26
val/00002686.jpg,40,97,82,99,21
val/00002687.jpg,53,72,50,24,46
val/00002688.jpg,24,39,52,81,61
val/00002689.jpg,17,45,37,63,78
val/00002690.jpg,28,20,91,3,10
val/00002691.jpg,54,22,66,69,17
val/00002692.jpg,12,77,21,41,76
val/00002693.jpg,37,26,10,73,47
val/00002694.jpg,84,56,74,46,73
val/00002695.jpg,5,21,80,24,79
val/00002696.jpg,1,25,63,7,38
val/00002697.jpg,8,88,14,23,66
val/00002698.jpg,6,69,33,17,70
val/00002699.jpg,41,1,60,64,83
val/00002700.jpg,23,66,88,56,8
val/00002701.jpg,35,79,52,68,43
val/00002702.jpg,45,62,13,59,18
val/00002703.jpg,4,98,57,88,68
val/00002704.jpg,62,45,63,17,70
val/00002705.jpg,26,91,28,20,65
val/00002706.jpg,69,10,6,83,26
val/00002707.jpg,83,16,64,60,18
val/00002708.jpg,51,75,97,5,0
val/00002709.jpg,99,82,30,51,83
val/00002710.jpg,6,69,66,34,11
val/00002711.jpg,97,31,68,43,67
val/00002712.jpg,28,10,91,26,20
val/00002713.jpg,45,70,62,59,37
val/00002714.jpg,62,33,70,17,69
val/00002715.jpg,4,79,55,35,77
val/00002716.jpg,75,96,27,86,74
val/00002717.jpg,60,34,89,90,1
val/00002718.jpg,99,40,96,74,21
val/00002719.jpg,15,87,95,2,74
val/00002720.jpg,31,75,27,68,84
val/00002721.jpg,51,27,99,87,21
val/00002722.jpg,55,79,43,92,77
val/00002723.jpg,72,53,47,65,42
val/00002724.jpg,24,43,79,5,71
val/00002725.jpg,16,83,6,89,69
val/00002726.jpg,58,33,28,91,34
val/00002727.jpg,86,94,65,67,42
val/00002728.jpg,66,23,1,7,64
val/00002729.jpg,45,78,38,62,70
val/00002730.jpg,39,86,42,20,49
val/00002731.jpg,88,69,14,34,26
val/00002732.jpg,23,66,88,69,95
val/00002733.jpg,64,60,56,1,22
val/00002734.jpg,39,90,50,76,47
val/00002735.jpg,2,71,67,42,32
val/00002736.jpg,88,3,74,87,56
val/00002737.jpg,35,97,61,44,79
val/00002738.jpg,33,38,58,13,70
val/00002739.jpg,13,11,38,63,8
val/00002740.jpg,24,68,97,85,98
val/00002741.jpg,42,99,86,31,82
val/00002742.jpg,43,52,79,55,39
val/00002743.jpg,71,0,42,32,85
val/00002744.jpg,21,99,46,53,77
val/00002745.jpg,30,99,27,74,82
val/00002746.jpg,11,88,8,18,17
val/00002747.jpg,63,78,14,69,37
val/00002748.jpg,75,34,90,7,1
val/00002749.jpg,59,45,62,70,16
val/00002750.jpg,99,42,31,46,74
val/00002751.jpg,27,43,79,31,35
val/00002752.jpg,2,71,8,42,94
val/00002753.jpg,71,0,32,67,85
val/00002754.jpg,85,53,72,39,50
val/00002755.jpg,26,28,91,10,65
val/00002756.jpg,96,24,79,92,77
val/00002757.jpg,63,69,41,6,64
val/00002758.jpg,82,99,31,46,30
val/00002759.jpg,1,89,3,19,90
val/00002760.jpg,72,46,53,47,50
val/00002761.jpg,27,82,31,99,76
val/00002762.jpg,70,38,33,64,54
val/00002763.jpg,38,45,70,17,62
val/00002764.jpg,78,62,59,70,45
val/00002765.jpg,42,71,0,5,32
val/00002766.jpg,8,2,88,39,49
val/00002767.jpg,13,78,48,45,11
val/00002768.jpg,34,65,7,3,69
val/00002769.jpg,7,22,48,91,64
val/00002770.jpg,81,53,72,75,24
val/00002771.jpg,84,31,57,68,56
val/00002772.jpg,89,69,83,16,6
val/00002773.jpg,1,48,90,63,22
val/00002774.jpg,83,69,18,16,8
val/00002775.jpg,98,68,27,97,44
val/00002776.jpg,84,68,3,96,40
val/00002777.jpg,58,33,74,3,19
val/00002778.jpg,8,38,13,33,11
val/00002779.jpg,72,19,27,36,99
val/00002780.jpg,22,11,88,38,64
val/00002781.jpg,80,29,44,5,9
val/00002782.jpg,39,15,74,2,86
val/00002783.jpg,84,56,53,72,68
val/00002784.jpg,27,74,19,79,52
val/00002785.jpg,40,51,77,97,99
val/00002786.jpg,31,68,52,35,98
val/00002787.jpg,67,71,61,49,79
val/00002788.jpg,95,87,75,2,15
val/00002789.jpg,93,31,19,50,61
val/00002790.jpg,77,12,92,21,40
val/00002791.jpg,84,57,68,97,98
val/00002792.jpg,79,35,9,67,52
val/00002793.jpg,94,49,67,86,39
val/00002794.jpg,86,7,26,34,54
val/00002795.jpg,61,35,79,24,52
val/00002796.jpg,55,86,49,93,39
val/00002797.jpg,38,45,70,33,78
val/00002798.jpg,63,1,49,41,39
val/00002799.jpg,61,32,67,0,85
val/00002800.jpg,15,88,87,66,8
val/00002801.jpg,21,92,77,5,49
val/00002802.jpg,68,74,3,76,98
val/00002803.jpg,12,85,92,49,77
val/00002804.jpg,14,17,88,37,34
val/00002805.jpg,77,21,27,96,12
val/00002806.jpg,33,58,70,7,17
val/00002807.jpg,87,88,2,8,15
val/00002808.jpg,4,91,10,28,65
val/00002809.jpg,31,94,67,71,42
val/00002810.jpg,87,15,2,75,51
val/00002811.jpg,26,10,28,17,91
val/00002812.jpg,62,18,45,63,59
val/00002813.jpg,35,55,79,97,43
val/00002814.jpg,86,34,65,26,74
val/00002815.jpg,62,69,63,26,10
val/00002816.jpg,50,39,47,72,53
val/00002817.jpg,21,4,10,78,48
val/00002818.jpg,31,93,24,99,82
val/00002819.jpg,73,74,82,99,30
val/00002820.jpg,5,0,24,32,42
val/00002821.jpg,54,10,17,37,26
val/00002822.jpg,54,18,62,16,70
val/00002823.jpg,43,55,49,79,5
val/00002824.jpg,83,16,64,60,54
val/00002825.jpg,90,76,1,7,22
val/00002826.jpg,40,99,0,82,30
val/00002827.jpg,96,86,74,29,39
val/00002828.jpg,97,68,29,98,9
val/00002829.jpg,46,47,42,71,32
val/00002830.jpg,43,24,39,52,19
val/00002831.jpg,66,23,47,64,69
val/00002832.jpg,49,52,79,55,93
val/00002833.jpg,70,38,45,62,33
val/00002834.jpg,87,19,2,75,74
val/00002835.jpg,28,91,34,3,10
val/00002836.jpg,2,86,39,9,75
val/00002837.jpg,18,62,54,89,93
val/00002838.jpg,71,67,94,32,0
val/00002839.jpg,11,63,1,13,41
val/00002840.jpg,80,29,35,68,9
val/00002841.jpg,8,88,2,23,13
val/00002842.jpg,24,79,52,43,5
val/00002843.jpg,69,75,6,34,90
val/00002844.jpg,68,97,53,29,98
val/00002845.jpg,93,4,35,55,49
val/00002846.jpg,31,67,94,32,47
val/00002847.jpg,73,34,50,20,86
val/00002848.jpg,4,1,83,85,19
val/00002849.jpg,71,0,42,67,85
val/00002850.jpg,20,14,37,28,26
val/00002851.jpg,66,18,54,17,69
val/00002852.jpg,85,71,0,32,42
val/00002853.jpg,51,31,99,87,75
val/00002854.jpg,11,88,26,34,17
val/00002855.jpg,80,5,0,29,67
val/00002856.jpg,20,28,37,14,34
val/00002857.jpg,71,42,2,0,49
val/00002858.jpg,6,69,17,18,10
val/00002859.jpg,71,42,67,56,32
val/00002860.jpg,15,87,75,95,66
val/00002861.jpg,86,96,39,74,2
val/00002862.jpg,33,78,37,48,70
val/00002863.jpg,65,48,86,72,78
val/00002864.jpg,15,87,2,75,95
val/00002865.jpg,58,33,54,20,28
val/00002866.jpg,20,17,28,70,37
val/00002867.jpg,91,28,20,65,48
val/00002868.jpg,58,33,20,37,70
val/00002869.jpg,66,64,47,72,56
val/00002870.jpg,27,22,88,14,11
val/00002871.jpg,73,50,34,86,26
val/00002872.jpg,72,95,93,52,19
val/00002873.jpg,4,55,54,77,21
val/00002874.jpg,50,74,3,1,25
val/00002875.jpg,94,40,77,21,67
val/00002876.jpg,25,1,41,7,36
val/00002877.jpg,16,83,60,70,18
val/00002878.jpg,60,64,73,6,34
val/00002879.jpg,92,94,9,79,96
val/00002880.jpg,3,74,32,27,21
val/00002881.jpg,38,13,11,78,63
val/00002882.jpg,30,87,8,82,88
val/00002883.jpg,66,54,58,33,7
val/00002884.jpg,71,2,65,32,67
val/00002885.jpg,81,19,72,52,50
val/00002886.jpg,50,73,53,72,99
val/00002887.jpg,3,74,65,72,86
val/00002888.jpg,76,82,39,47,31
val/00002889.jpg,92,77,79,21,24
val/00002890.jpg,79,29,24,43,98
val/00002891.jpg,35,57,61,80,68
val/00002892.jpg,8,88,64,89,18
val/00002893.jpg,15,87,95,51,66
val/00002894.jpg,5,43,97,24,2
val/00002895.jpg,23,66,88,69,7
val/00002896.jpg,45,62,33,78,38
val/00002897.jpg,25,41,90,1,69
val/00002898.jpg,94,71,67,0,42
val/00002899.jpg,95,15,87,74,75
val/00002900.jpg,82,73,90,63,50
val/00002901.jpg,54,17,78,33,16
val/00002902.jpg,9,97,29,44,68
val/00002903.jpg,68,97,29,35,98
val/00002904.jpg,96,76,39,5,77
val/00002905.jpg,68,97,29,98,84
val/00002906.jpg,80,29,26,69,96
val/00002907.jpg,49,32,42,71,67
val/00002908.jpg,58,33,28,13,48
val/00002909.jpg,36,7,25,19,90
val/00002910.jpg,0,32,41,73,42
val/00002911.jpg,48,10,37,20,78
val/00002912.jpg,4,98,69,88,77
val/00002913.jpg,34,28,91,20,26
val/00002914.jpg,13,38,45,78,33
val/00002915.jpg,78,63,13,45,11
val/00002916.jpg,91,28,10,34,20
val/00002917.jpg,48,91,65,26,28
val/00002918.jpg,23,66,95,88,74
val/00002919.jpg,63,13,78,48,11
val/00002920.jpg,38,64,70,60,25
val/00002921.jpg,53,72,81,46,50
val/00002922.jpg,56,84,88,74,27
val/00002923.jpg,32,30,31,82,0
val/00002924.jpg,61,32,67,31,82
val/00002925.jpg,86,26,34,39,74
val/00002926.jpg,79,52,24,3,92
val/00002927.jpg,22,17,11,64,66
val/00002928.jpg,63,59,7,78,38
val/00002929.jpg,70,54,38,45,62
val/00002930.jpg,72,81,46,56,53
val/00002931.jpg,89,22,20,63,69
val/00002932.jpg,51,15,87,21,99
val/00002933.jpg,42,46,73,86,32
val/00002934.jpg,51,87,15,95,2
val/00002935.jpg,97,92,68,79,55
val/00002936.jpg,82,99,73,46,40
val/00002937.jpg,24,76,79,90,35
val/00002938.jpg,36,25,19,74,39
val/00002939.jpg,21,87,99,51,77
val/00002940.jpg,56,16,83,22,66
val/00002941.jpg,93,49,55,4,35
val/00002942.jpg,14,88,78,23,22
val/00002943.jpg,30,99,49,42,65
val/00002944.jpg,65,91,48,3,28
val/00002945.jpg,58,33,7,34,48
val/00002946.jpg,18,16,83,64,62
val/00002947.jpg,49,71,42,67,2
val/00002948.jpg,88,14,8,23,3
val/00002949.jpg,57,80,55,4,79
val/00002950.jpg,37,59,14,78,10
val/00002951.jpg,89,76,2,96,39
val/00002952.jpg,0,41,5,24,89
val/00002953.jpg,3,76,94,89,24
val/00002954.jpg,60,64,34,22,59
val/00002955.jpg,99,74,46,51,30
val/00002956.jpg,90,22,1,76,7
val/00002957.jpg,72,81,53,27,68
val/00002958.jpg,49,30,74,99,3
val/00002959.jpg,98,68,97,84,57
val/00002960.jpg,87,15,95,75,2
val/00002961.jpg,52,79,19,35,55
val/00002962.jpg,46,31,67,42,99
val/00002963.jpg,24,3,85,5,39
val/00002964.jpg,51,27,99,74,15
val/00002965.jpg,26,34,69,28,14
val/00002966.jpg,58,33,11,48,22
val/00002967.jpg,39,86,52,3,72
val/00002968.jpg,62,45,63,59,18
val/00002969.jpg,46,99,72,42,21
val/00002970.jpg,49,30,21,99,42
val/00002971.jpg,32,67,0,86,94
val/00002972.jpg,3,39,76,47,69
val/00002973.jpg,2,7,87,8,23
val/00002974.jpg,91,28,20,3,10
val/00002975.jpg,78,14,37,45,13
val/00002976.jpg,31,82,99,32,27
val/00002977.jpg,86,39,85,52,96
val/00002978.jpg,9,67,55,49,0
val/00002979.jpg,38,13,33,78,45
val/00002980.jpg,58,33,48,20,10
val/00002981.jpg,89,41,69,63,45
val/00002982.jpg,13,11,38,8,63
val/00002983.jpg,83,30,6,18,69
val/00002984.jpg,10,26,91,34,6
val/00002985.jpg,77,21,96,92,40
val/00002986.jpg,11,56,66,49,46
val/00002987.jpg,65,13,86,58,28
val/00002988.jpg,46,31,99,42,27
val/00002989.jpg,45,62,18,63,59
val/00002990.jpg,60,22,90,19,74
val/00002991.jpg,86,39,0,94,76
val/00002992.jpg,2,96,86,39,9
val/00002993.jpg,89,69,1,63,41
val/00002994.jpg,38,33,13,8,78
val/00002995.jpg,40,39,86,74,76
val/00002996.jpg,46,99,42,72,21
val/00002997.jpg,69,34,10,37,63
val/00002998.jpg,35,61,80,57,97
val/00002999.jpg,97,68,98,9,57
val/00003000.jpg,24,73,94,49,89
val/00003001.jpg,79,77,92,21,49
val/00003002.jpg,55,43,79,98,35
val/00003003.jpg,11,13,1,63,8
val/00003004.jpg,81,19,52,35,57
val/00003005.jpg,61,67,71,32,0
val/00003006.jpg,29,80,9,26,4
val/00003007.jpg,46,99,93,42,72
val/00003008.jpg,32,71,67,0,94
val/00003009.jpg,94,67,71,69,89
val/00003010.jpg,62,54,70,33,17
val/00003011.jpg,15,87,95,75,51
val/00003012.jpg,54,60,70,59,17
val/00003013.jpg,6,69,28,91,63
val/00003014.jpg,49,71,42,67,32
val/00003015.jpg,9,97,0,5,68
val/00003016.jpg,28,26,10,91,65
val/00003017.jpg,38,45,62,33,78
val/00003018.jpg,85,39,24,3,76
val/00003019.jpg,8,38,33,13,11
val/00003020.jpg,75,87,71,15,32
val/00003021.jpg,76,89,24,90,82
val/00003022.jpg,85,39,30,3,49
val/00003023.jpg,42,31,67,74,89
val/00003024.jpg,52,35,79,57,19
val/00003025.jpg,75,87,51,15,47
val/00003026.jpg,12,77,92,21,40
val/00003027.jpg,19,89,59,60,18
val/00003028.jpg,64,23,66,15,88
val/00003029.jpg,49,30,99,42,86
val/00003030.jpg,82,31,94,89,42
val/00003031.jpg,81,72,46,53,50
val/00003032.jpg,54,70,17,33,18
val/00003033.jpg,86,77,21,30,55
val/00003034.jpg,59,70,62,45,37
val/00003035.jpg,86,26,20,78,37
val/00003036.jpg,94,67,80,2,49
val/00003037.jpg,13,14,78,11,38
val/00003038.jpg,68,84,57,97,35
val/00003039.jpg,0,89,71,5,69
val/00003040.jpg,41,63,69,6,18
val/00003041.jpg,89,83,39,73,90
val/00003042.jpg,68,98,97,77,29
val/00003043.jpg,98,35,61,44,9
val/00003044.jpg,17,13,38,70,78
val/00003045.jpg,89,7,25,19,36
val/00003046.jpg,65,91,28,48,3
val/00003047.jpg,82,31,99,76,47
val/00003048.jpg,50,47,42,46,31
val/00003049.jpg,5,0,71,42,24
val/00003050.jpg,54,70,26,18,17
val/00003051.jpg,5,43,24,79,53
val/00003052.jpg,12,77,21,92,27
val/00003053.jpg,64,66,54,17,74
val/00003054.jpg,70,38,33,45,59
val/00003055.jpg,47,23,64,66,72
val/00003056.jpg,84,92,68,97,30
val/00003057.jpg,13,38,11,78,33
val/00003058.jpg,85,35,43,52,68
val/00003059.jpg,45,62,59,70,78
val/00003060.jpg,16,83,59,60,63
val/00003061.jpg,89,63,69,39,1
val/00003062.jpg,29,77,55,79,21
val/00003063.jpg,54,18,17,26,16
val/00003064.jpg,70,33,62,45,38
val/00003065.jpg,97,68,44,98,9
val/00003066.jpg,99,82,42,46,21
val/00003067.jpg,80,29,9,44,68
val/00003068.jpg,99,30,82,51,46
val/00003069.jpg,66,54,33,70,64
val/00003070.jpg,85,53,79,39,24
val/00003071.jpg,1,90,41,24,43
val/00003072.jpg,81,61,67,71,31
val/00003073.jpg,82,30,99,31,39
val/00003074.jpg,86,65,91,49,13
val/00003075.jpg,24,79,52,19,39
val/00003076.jpg,52,35,81,79,19
val/00003077.jpg,57,98,84,68,97
val/00003078.jpg,86,29,68,27,53
val/00003079.jpg,5,24,0,79,2
val/00003080.jpg,3,78,94,14,20
val/00003081.jpg,59,70,45,16,37
val/00003082.jpg,8,38,18,62,33
val/00003083.jpg,48,37,91,1,20
val/00003084.jpg,93,49,3,31,55
val/00003085.jpg,30,21,92,49,99
val/00003086.jpg,29,68,97,55,9
val/00003087.jpg,61,67,71,0,32
val/00003088.jpg,47,50,82,31,44
val/00003089.jpg,85,52,64,88,39
val/00003090.jpg,80,9,29,35,44
val/00003091.jpg,74,96,27,99,39
val/00003092.jpg,4,14,10,69,26
val/00003093.jpg,3,28,94,65,25
val/00003094.jpg,37,10,48,28,26
val/00003095.jpg,84,68,3,31,98
val/00003096.jpg,98,68,97,35,29
val/00003097.jpg,36,39,19,37,24
val/00003098.jpg,51,15,21,87,99
val/00003099.jpg,9,29,44,97,96
val/00003100.jpg,63,42,69,78,13
val/00003101.jpg,71,0,67,42,32
val/00003102.jpg,49,7,69,10,20
val/00003103.jpg,28,76,20,26,91
val/00003104.jpg,36,7,72,39,19
val/00003105.jpg,61,67,35,32,52
val/00003106.jpg,68,97,98,29,9
val/00003107.jpg,57,80,68,98,84
val/00003108.jpg,54,66,33,64,70
val/00003109.jpg,42,0,71,32,5
val/00003110.jpg,57,55,84,79,43
val/00003111.jpg,79,92,43,24,5
val/00003112.jpg,26,10,65,28,91
val/00003113.jpg,84,44,56,92,83
val/00003114.jpg,80,29,44,97,68
val/00003115.jpg,80,44,29,18,61
val/00003116.jpg,23,66,88,95,17
val/00003117.jpg,95,74,15,87,75
val/00003118.jpg,70,33,37,59,17
val/00003119.jpg,18,45,78,13,62
val/00003120.jpg,97,68,98,51,40
val/00003121.jpg,71,89,42,0,94
val/00003122.jpg,88,11,69,8,3
val/00003123.jpg,74,58,93,15,27
val/00003124.jpg,16,83,89,18,62
val/00003125.jpg,26,34,65,28,17
val/00003126.jpg,29,80,89,96,69
val/00003127.jpg,98,4,35,96,29
val/00003128.jpg,84,46,89,96,56
val/00003129.jpg,37,14,59,48,20
val/00003130.jpg,79,24,85,0,53
val/00003131.jpg,32,67,0,71,42
val/00003132.jpg,75,40,44,68,51
val/00003133.jpg,69,42,0,2,11
val/00003134.jpg,77,92,21,12,99
val/00003135.jpg,0,32,71,42,5
val/00003136.jpg,70,45,38,33,62
val/00003137.jpg,4,52,24,79,43
val/00003138.jpg,88,4,98,69,14
val/00003139.jpg,92,79,97,77,68
val/00003140.jpg,1,90,22,24,41
val/00003141.jpg,78,48,10,37,26
val/00003142.jpg,78,45,37,62,20
val/00003143.jpg,55,49,93,79,35
val/00003144.jpg,74,99,96,76,92
val/00003145.jpg,53,85,24,72,81
val/00003146.jpg,38,33,70,1,8
val/00003147.jpg,88,47,8,14,69
val/00003148.jpg,91,28,20,65,58
val/00003149.jpg,55,79,77,92,29
val/00003150.jpg,83,64,16,73,41
val/00003151.jpg,70,17,37,63,62
val/00003152.jpg,88,8,2,87,49
val/00003153.jpg,18,62,45,16,59
val/00003154.jpg,41,90,64,89,1
val/00003155.jpg,37,50,49,72,47
val/00003156.jpg,74,86,26,73,58
val/00003157.jpg,91,65,28,48,1
val/00003158.jpg,43,52,39,85,79
val/00003159.jpg,17,56,19,84,54
val/00003160.jpg,75,65,30,87,2
val/00003161.jpg,0,32,67,71,42
val/00003162.jpg,25,89,74,1,19
val/00003163.jpg,28,6,14,69,10
val/00003164.jpg,22,14,88,11,1
val/00003165.jpg,97,29,68,98,9
val/00003166.jpg,54,34,17,6,60
val/00003167.jpg,82,31,99,27,47
val/00003168.jpg,57,52,19,35,61
val/00003169.jpg,94,67,3,71,32
val/00003170.jpg,17,14,6,37,63
val/00003171.jpg,28,91,65,3,10
val/00003172.jpg,5,24,80,79,43
val/00003173.jpg,60,64,59,70,34
val/00003174.jpg,54,18,38,64,16
val/00003175.jpg,44,35,80,29,9
val/00003176.jpg,18,54,16,83,62
val/00003177.jpg,56,84,74,51,46
val/00003178.jpg,85,50,39,72,53
val/00003179.jpg,72,81,27,84,75
val/00003180.jpg,99,40,82,97,51
val/00003181.jpg,6,69,34,66,17
val/00003182.jpg,66,23,88,14,11
val/00003183.jpg,38,33,70,45,78
val/00003184.jpg,23,66,26,95,69
val/00003185.jpg,84,68,97,44,81
val/00003186.jpg,77,21,12,92,99
val/00003187.jpg,26,10,28,48,65
val/00003188.jpg,28,37,20,58,3
val/00003189.jpg,62,63,45,59,78
val/00003190.jpg,2,42,67,71,49
val/00003191.jpg,87,15,2,75,30
val/00003192.jpg,28,91,10,48,20
val/00003193.jpg,68,97,98,29,9
val/00003194.jpg,55,79,98,97,27
val/00003195.jpg,67,94,49,71,61
val/00003196.jpg,37,25,69,7,14
val/00003197.jpg,53,72,81,50,24
val/00003198.jpg,41,64,90,63,1
val/00003199.jpg,66,95,58,33,87
val/00003200.jpg,25,22,36,48,37
val/00003201.jpg,34,64,6,83,69
val/00003202.jpg,87,95,15,2,75
val/00003203.jpg,78,48,37,10,26
val/00003204.jpg,62,63,70,45,17
val/00003205.jpg,5,80,96,0,30
val/00003206.jpg,8,38,33,88,78
val/00003207.jpg,78,45,62,18,13
val/00003208.jpg,26,86,65,34,91
val/00003209.jpg,87,15,95,3,74
val/00003210.jpg,97,68,77,92,98
val/00003211.jpg,15,95,87,66,56
val/00003212.jpg,69,19,60,37,7
val/00003213.jpg,87,98,68,2,86
val/00003214.jpg,72,46,27,99,74
val/00003215.jpg,20,37,70,26,17
val/00003216.jpg,5,30,92,43,97
val/00003217.jpg,86,52,39,35,85
val/00003218.jpg,77,21,68,97,92
val/00003219.jpg,84,31,82,46,99
val/00003220.jpg,48,65,1,91,37
val/00003221.jpg,68,97,29,98,44
val/00003222.jpg,70,6,37,69,59
val/00003223.jpg,54,18,16,70,83
val/00003224.jpg,85,24,52,39,81
val/00003225.jpg,16,83,64,54,18
val/00003226.jpg,59,45,62,70,33
val/00003227.jpg,9,29,86,96,2
val/00003228.jpg,45,78,13,33,7
val/00003229.jpg,71,49,67,85,21
val/00003230.jpg,40,44,65,96,97
val/00003231.jpg,16,59,60,19,54
val/00003232.jpg,18,62,45,17,54
val/00003233.jpg,70,37,17,63,69
val/00003234.jpg,54,4,26,87,7
val/00003235.jpg,88,34,4,87,3
val/00003236.jpg,59,70,45,60,16
val/00003237.jpg,75,66,87,33,65
val/00003238.jpg,47,19,50,23,52
val/00003239.jpg,93,54,58,19,74
val/00003240.jpg,50,31,72,19,84
val/00003241.jpg,84,68,97,56,31
val/00003242.jpg,42,39,89,69,8
val/00003243.jpg,26,91,65,28,20
val/00003244.jpg,20,34,28,10,26
val/00003245.jpg,57,52,19,35,79
val/00003246.jpg,10,4,37,78,26
val/00003247.jpg,63,11,69,8,62
val/00003248.jpg,55,35,98,61,57
val/00003249.jpg,27,46,74,99,30
val/00003250.jpg,57,55,98,35,9
val/00003251.jpg,48,37,91,10,78
val/00003252.jpg,73,50,82,47,64
val/00003253.jpg,65,91,28,3,34
val/00003254.jpg,98,68,97,77,40
val/00003255.jpg,8,2,64,71,88
val/00003256.jpg,84,57,68,98,27
val/00003257.jpg,56,22,8,88,11
val/00003258.jpg,32,71,49,67,42
val/00003259.jpg,63,1,69,25,7
val/00003260.jpg,20,65,91,48,58
val/00003261.jpg,35,52,80,68,79
val/00003262.jpg,9,29,44,97,98
val/00003263.jpg,45,62,63,78,13
val/00003264.jpg,71,42,32,0,67
val/00003265.jpg,72,3,32,71,49
val/00003266.jpg,83,16,60,54,59
val/00003267.jpg,60,59,16,54,70
val/00003268.jpg,70,59,33,58,45
val/00003269.jpg,54,58,17,66,33
val/00003270.jpg,55,98,35,96,9
val/00003271.jpg,89,69,7,60,34
val/00003272.jpg,70,37,54,17,59
val/00003273.jpg,93,19,54,52,50
val/00003274.jpg,5,0,9,71,2
val/00003275.jpg,32,67,61,0,71
val/00003276.jpg,29,9,68,97,98
val/00003277.jpg,30,61,83,89,32
val/00003278.jpg,95,74,23,87,15
val/00003279.jpg,48,20,37,91,28
val/00003280.jpg,91,28,20,34,48
val/00003281.jpg,74,99,46,30,21
val/00003282.jpg,32,61,0,71,85
val/00003283.jpg,24,3,85,39,52
val/00003284.jpg,6,63,69,62,10
val/00003285.jpg,30,49,99,82,83
val/00003286.jpg,49,30,85,39,61
val/00003287.jpg,38,13,33,78,45
val/00003288.jpg,43,60,1,59,64
val/00003289.jpg,8,88,14,2,64
val/00003290.jpg,98,68,97,84,27
val/00003291.jpg,67,32,71,42,0
val/00003292.jpg,7,72,65,86,42
val/00003293.jpg,85,83,52,39,79
val/00003294.jpg,29,44,9,97,80
val/00003295.jpg,26,65,17,54,10
val/00003296.jpg,60,90,1,34,22
val/00003297.jpg,30,49,73,82,74
val/00003298.jpg,51,99,75,30,74
val/00003299.jpg,32,46,99,67,0
val/00003300.jpg,57,98,68,81,84
val/00003301.jpg,77,4,30,21,99
val/00003302.jpg,35,61,97,68,44
val/00003303.jpg,70,33,37,59,54
val/00003304.jpg,10,48,26,91,37
val/00003305.jpg,94,67,31,71,42
val/00003306.jpg,37,58,78,33,14
val/00003307.jpg,14,34,48,28,88
val/00003308.jpg,96,74,99,39,86
val/00003309.jpg,42,71,67,32,0
val/00003310.jpg,66,11,69,34,23
val/00003311.jpg,83,89,16,54,18
val/00003312.jpg,84,56,57,49,46
val/00003313.jpg,78,37,63,48,45
val/00003314.jpg,66,64,1,23,34
val/00003315.jpg,66,23,7,69,10
val/00003316.jpg,16,83,54,17,69
val/00003317.jpg,56,84,74,49,94
val/00003318.jpg,17,54,66,37,10
val/00003319.jpg,68,97,29,77,55
val/00003320.jpg,26,34,86,65,17
val/00003321.jpg,54,7,70,33,36
val/00003322.jpg,26,78,37,17,10
val/00003323.jpg,74,27,99,3,46
val/00003324.jpg,2,76,39,96,71
val/00003325.jpg,53,51,46,99,31
val/00003326.jpg,66,64,54,1,33
val/00003327.jpg,79,89,24,23,1
val/00003328.jpg,13,10,45,34,28
val/00003329.jpg,83,16,60,64,59
val/00003330.jpg,80,29,68,97,44
val/00003331.jpg,99,21,92,77,49
val/00003332.jpg,83,16,64,60,59
val/00003333.jpg,22,1,11,66,33
val/00003334.jpg,1,72,56,88,7
val/00003335.jpg,66,19,33,64,56
val/00003336.jpg,7,91,69,20,48
val/00003337.jpg,77,21,99,96,5
val/00003338.jpg,29,9,97,68,98
val/00003339.jpg,60,34,69,17,7
val/00003340.jpg,76,39,82,86,31
val/00003341.jpg,28,10,91,26,58
val/00003342.jpg,9,98,55,97,44
val/00003343.jpg,63,11,13,45,69
val/00003344.jpg,57,68,31,98,81
val/00003345.jpg,93,55,97,31,43
val/00003346.jpg,73,72,50,53,46
val/00003347.jpg,95,15,19,87,74
val/00003348.jpg,85,39,49,69,24
val/00003349.jpg,13,78,45,48,38
val/00003350.jpg,50,73,10,34,37
val/00003351.jpg,55,35,57,79,27
val/00003352.jpg,98,68,97,51,44
val/00003353.jpg,40,99,21,77,51
val/00003354.jpg,71,94,67,32,42
val/00003355.jpg,56,84,66,74,6
val/00003356.jpg,65,86,3,48,94
val/00003357.jpg,90,66,22,1,69
val/00003358.jpg,84,56,44,35,68
val/00003359.jpg,92,46,30,21,74
val/00003360.jpg,8,28,11,13,10
val/00003361.jpg,30,99,84,46,82
val/00003362.jpg,80,29,35,44,97
val/00003363.jpg,25,1,50,7,90
val/00003364.jpg,95,75,87,2,74
val/00003365.jpg,63,62,69,70,50
val/00003366.jpg,83,89,34,6,69
val/00003367.jpg,95,56,75,23,72
val/00003368.jpg,82,31,99,27,30
val/00003369.jpg,11,63,13,38,69
val/00003370.jpg,27,99,46,74,21
val/00003371.jpg,52,57,35,81,43
val/00003372.jpg,52,85,19,79,35
val/00003373.jpg,81,53,50,72,75
val/00003374.jpg,12,77,92,21,40
val/00003375.jpg,51,40,46,99,21
val/00003376.jpg,40,92,30,97,98
val/00003377.jpg,61,52,32,24,19
val/00003378.jpg,67,94,71,32,49
val/00003379.jpg,65,3,86,48,78
val/00003380.jpg,10,59,37,20,78
val/00003381.jpg,14,78,37,48,45
val/00003382.jpg,62,70,45,78,37
val/00003383.jpg,53,81,72,24,68
val/00003384.jpg,99,96,4,21,46
val/00003385.jpg,36,7,39,69,34
val/00003386.jpg,20,48,14,69,7
val/00003387.jpg,54,70,7,26,17
val/00003388.jpg,21,49,99,94,30
val/00003389.jpg,47,72,53,76,39
val/00003390.jpg,55,79,49,30,77
val/00003391.jpg,81,75,57,35,19
val/00003392.jpg,64,41,63,38,70
val/00003393.jpg,75,99,87,74,51
val/00003394.jpg,87,15,95,75,51
val/00003395.jpg,29,68,9,97,98
val/00003396.jpg,61,51,32,67,98
val/00003397.jpg,33,58,38,70,13
val/00003398.jpg,47,72,53,76,73
val/00003399.jpg,47,72,46,50,76
val/00003400.jpg,54,33,10,59,58
val/00003401.jpg,41,89,69,0,63
val/00003402.jpg,5,24,43,79,92
val/00003403.jpg,9,29,2,96,80
val/00003404.jpg,8,88,49,78,32
val/00003405.jpg,27,99,30,92,77
val/00003406.jpg,70,17,62,59,37
val/00003407.jpg,86,0,71,85,94
val/00003408.jpg,5,24,79,55,43
val/00003409.jpg,33,58,70,7,54
val/00003410.jpg,42,69,89,63,18
val/00003411.jpg,66,23,7,69,10
val/00003412.jpg,58,33,28,91,10
val/00003413.jpg,10,54,37,78,17
val/00003414.jpg,67,32,42,71,0
val/00003415.jpg,20,12,89,64,6
val/00003416.jpg,38,33,45,70,13
val/00003417.jpg,31,78,37,50,26
val/00003418.jpg,52,19,32,39,85
val/00003419.jpg,84,44,35,61,55
val/00003420.jpg,53,68,97,81,35
val/00003421.jpg,66,17,64,70,11
val/00003422.jpg,98,68,55,97,29
val/00003423.jpg,93,56,49,66,1
val/00003424.jpg,26,54,66,60,7
val/00003425.jpg,84,57,68,97,98
val/00003426.jpg,20,37,10,48,28
val/00003427.jpg,65,86,32,67,48
val/00003428.jpg,98,68,97,57,35
val/00003429.jpg,92,79,55,77,97
val/00003430.jpg,86,39,3,65,72
val/00003431.jpg,30,74,3,61,21
val/00003432.jpg,90,50,69,73,89
val/00003433.jpg,43,79,55,49,92
val/00003434.jpg,78,13,45,48,14
val/00003435.jpg,1,63,60,90,41
val/00003436.jpg,87,95,15,75,2
val/00003437.jpg,70,62,18,16,54
val/00003438.jpg,74,16,83,18,54
val/00003439.jpg,25,74,1,63,11
val/00003440.jpg,66,88,64,83,16
val/00003441.jpg,59,16,70,60,45
val/00003442.jpg,82,86,30,27,99
val/00003443.jpg,29,97,9,44,68
val/00003444.jpg,94,31,49,93,2
val/00003445.jpg,2,9,39,55,96
val/00003446.jpg,95,15,74,87,75
val/00003447.jpg,93,3,74,49,21
val/00003448.jpg,15,87,66,10,51
val/00003449.jpg,73,74,50,90,26
val/00003450.jpg,98,68,61,97,35
val/00003451.jpg,49,55,79,29,94
val/00003452.jpg,74,56,66,15,84
val/00003453.jpg,18,62,45,63,16
val/00003454.jpg,18,62,16,54,83
val/00003455.jpg,1,90,91,3,89
val/00003456.jpg,11,13,63,17,78
val/00003457.jpg,9,29,44,97,80
val/00003458.jpg,3,19,39,31,74
val/00003459.jpg,98,68,27,97,77
val/00003460.jpg,11,88,8,14,22
val/00003461.jpg,43,85,5,24,53
val/00003462.jpg,44,39,96,35,40
val/00003463.jpg,16,83,18,62,54
val/00003464.jpg,44,9,97,68,29
val/00003465.jpg,28,10,14,20,69
val/00003466.jpg,96,55,30,99,40
val/00003467.jpg,58,86,33,64,54
val/00003468.jpg,59,16,70,62,83
val/00003469.jpg,71,32,0,42,67
val/00003470.jpg,54,60,6,17,33
val/00003471.jpg,54,70,64,17,33
val/00003472.jpg,67,84,71,49,61
val/00003473.jpg,61,35,67,52,31
val/00003474.jpg,82,32,47,31,85
val/00003475.jpg,64,54,23,66,69
val/00003476.jpg,55,46,79,53,97
val/00003477.jpg,74,3,65,27,99
val/00003478.jpg,1,34,63,90,69
val/00003479.jpg,61,35,52,19,79
val/00003480.jpg,43,96,97,9,79
val/00003481.jpg,86,67,94,49,7
val/00003482.jpg,27,46,99,77,79
val/00003483.jpg,87,15,51,75,95
val/00003484.jpg,86,63,42,17,13
val/00003485.jpg,85,32,39,61,0
val/00003486.jpg,4,77,21,26,10
val/00003487.jpg,25,74,7,90,3
val/00003488.jpg,95,87,15,23,74
val/00003489.jpg,29,68,97,9,98
val/00003490.jpg,99,46,31,82,42
val/00003491.jpg,56,66,74,22,14
val/00003492.jpg,6,33,70,17,58
val/00003493.jpg,36,7,69,1,60
val/00003494.jpg,86,9,2,98,39
val/00003495.jpg,12,77,92,21,27
val/00003496.jpg,63,1,78,37,48
val/00003497.jpg,42,49,0,32,63
val/00003498.jpg,18,62,45,63,59
val/00003499.jpg,16,18,83,54,62
val/00003500.jpg,9,55,98,29,44
val/00003501.jpg,55,35,79,98,44
val/00003502.jpg,56,49,30,74,75
val/00003503.jpg,68,97,79,35,98
val/00003504.jpg,91,28,65,10,26
val/00003505.jpg,80,35,24,79,61
val/00003506.jpg,9,2,97,29,96
val/00003507.jpg,11,38,33,17,13
val/00003508.jpg,24,52,79,19,35
val/00003509.jpg,90,34,69,17,6
val/00003510.jpg,29,96,27,9,86
val/00003511.jpg,72,46,53,47,19
val/00003512.jpg,32,61,67,71,42
val/00003513.jpg,65,48,86,7,91
val/00003514.jpg,31,84,67,82,68
val/00003515.jpg,94,31,67,71,82
val/00003516.jpg,44,80,9,29,40
val/00003517.jpg,46,99,42,32,31
val/00003518.jpg,60,59,34,70,7
val/00003519.jpg,54,64,70,7,22
val/00003520.jpg,51,74,15,95,87
val/00003521.jpg,93,55,49,99,27
val/00003522.jpg,32,67,71,0,42
val/00003523.jpg,40,77,21,12,4
val/00003524.jpg,94,71,67,3,49
val/00003525.jpg,76,77,24,5,96
val/00003526.jpg,69,7,47,39,50
val/00003527.jpg,54,50,1,7,70
val/00003528.jpg,38,33,70,8,54
val/00003529.jpg,49,42,71,67,21
val/00003530.jpg,29,97,68,43,9
val/00003531.jpg,53,72,71,40,68
val/00003532.jpg,93,55,4,58,10
val/00003533.jpg,83,16,54,60,59
val/00003534.jpg,57,80,4,68,35
val/00003535.jpg,2,39,75,56,55
val/00003536.jpg,31,82,27,68,97
val/00003537.jpg,96,99,30,74,39
val/00003538.jpg,27,53,76,72,46
val/00003539.jpg,99,31,46,82,27
val/00003540.jpg,3,28,65,91,74
val/00003541.jpg,81,72,53,19,22
val/00003542.jpg,26,28,14,34,65
val/00003543.jpg,87,75,15,51,2
val/00003544.jpg,35,52,57,61,79
val/00003545.jpg,61,35,93,55,6
val/00003546.jpg,45,63,62,13,78
val/00003547.jpg,49,94,71,67,30
val/00003548.jpg,87,15,75,2,95
val/00003549.jpg,66,15,58,33,51
val/00003550.jpg,39,96,40,35,61
val/00003551.jpg,36,7,19,25,69
val/00003552.jpg,17,54,10,13,34
val/00003553.jpg,5,92,79,24,77
val/00003554.jpg,60,1,69,41,42
val/00003555.jpg,59,70,16,45,60
val/00003556.jpg,73,50,74,47,82
val/00003557.jpg,29,97,9,68,80
val/00003558.jpg,47,60,73,3,74
val/00003559.jpg,27,77,21,74,96
val/00003560.jpg,40,12,99,96,77
val/00003561.jpg,8,2,13,33,38
val/00003562.jpg,41,63,64,38,11
val/00003563.jpg,78,45,37,48,65
val/00003564.jpg,26,28,37,10,65
val/00003565.jpg,61,32,67,31,71
val/00003566.jpg,41,63,69,6,42
val/00003567.jpg,25,39,19,1,52
val/00003568.jpg,63,42,38,18,45
val/00003569.jpg,51,0,9,97,71
val/00003570.jpg,84,31,68,97,56
val/00003571.jpg,2,39,76,96,5
val/00003572.jpg,94,67,32,31,0
val/00003573.jpg,11,13,56,66,22
val/00003574.jpg,80,29,44,9,96
val/00003575.jpg,86,74,30,39,94
val/00003576.jpg,63,41,69,64,6
val/00003577.jpg,75,2,86,72,65
val/00003578.jpg,58,33,38,22,70
val/00003579.jpg,81,53,44,97,27
val/00003580.jpg,66,17,33,54,58
val/00003581.jpg,85,39,52,24,3
val/00003582.jpg,20,48,66,86,7
val/00003583.jpg,44,97,9,29,27
val/00003584.jpg,86,0,94,39,67
val/00003585.jpg,15,87,95,2,75
val/00003586.jpg,27,72,81,46,53
val/00003587.jpg,85,71,0,39,52
val/00003588.jpg,80,29,68,35,4
val/00003589.jpg,73,94,50,74,47
val/00003590.jpg,55,98,43,79,97
val/00003591.jpg,46,72,47,99,31
val/00003592.jpg,5,24,0,30,71
val/00003593.jpg,87,2,15,51,77
val/00003594.jpg,34,6,69,41,63
val/00003595.jpg,82,31,30,99,27
val/00003596.jpg,68,97,98,29,31
val/00003597.jpg,8,33,14,58,86
val/00003598.jpg,38,33,70,54,8
val/00003599.jpg,94,50,3,39,37
val/00003600.jpg,57,84,55,68,97
val/00003601.jpg,77,92,21,12,30
val/00003602.jpg,35,68,61,97,57
val/00003603.jpg,15,87,66,95,51
val/00003604.jpg,34,13,11,14,17
val/00003605.jpg,88,14,34,8,28
val/00003606.jpg,55,98,79,77,35
val/00003607.jpg,20,74,66,7,69
val/00003608.jpg,70,59,37,69,17
val/00003609.jpg,0,32,71,67,42
val/00003610.jpg,67,32,94,71,49
val/00003611.jpg,11,22,88,8,66
val/00003612.jpg,57,84,35,55,68
val/00003613.jpg,77,40,92,12,21
val/00003614.jpg,39,96,86,74,27
val/00003615.jpg,23,66,95,75,74
val/00003616.jpg,97,9,68,29,53
val/00003617.jpg,64,41,89,83,16
val/00003618.jpg,18,62,6,45,69
val/00003619.jpg,22,14,88,23,78
val/00003620.jpg,77,79,55,29,21
val/00003621.jpg,25,19,1,69,37
val/00003622.jpg,68,98,84,97,31
val/00003623.jpg,15,87,95,2,75
val/00003624.jpg,95,27,74,84,56
val/00003625.jpg,25,1,41,74,78
val/00003626.jpg,41,89,90,22,69
val/00003627.jpg,77,21,92,99,79
val/00003628.jpg,0,42,71,32,24
val/00003629.jpg,74,58,66,33,54
val/00003630.jpg,92,77,12,79,21
val/00003631.jpg,84,3,68,52,19
val/00003632.jpg,25,13,33,38,64
val/00003633.jpg,1,7,90,39,89
val/00003634.jpg,0,5,71,42,24
val/00003635.jpg,48,65,91,78,37
val/00003636.jpg,66,4,69,22,56
val/00003637.jpg,83,16,18,6,89
val/00003638.jpg,13,38,33,8,11
val/00003639.jpg,94,71,67,31,42
val/00003640.jpg,74,54,17,83,16
val/00003641.jpg,99,46,82,31,42
val/00003642.jpg,0,32,67,30,42
val/00003643.jpg,35,52,79,24,19
val/00003644.jpg,0,32,42,71,67
val/00003645.jpg,69,11,63,41,94
val/00003646.jpg,56,84,74,75,49
val/00003647.jpg,84,68,53,55,98
val/00003648.jpg,22,1,34,48,63
val/00003649.jpg,58,28,6,74,91
val/00003650.jpg,34,37,42,26,86
val/00003651.jpg,83,54,86,73,39
val/00003652.jpg,8,33,62,88,38
val/00003653.jpg,62,45,18,63,38
val/00003654.jpg,8,76,18,88,62
val/00003655.jpg,97,68,35,79,55
val/00003656.jpg,61,31,57,24,35
val/00003657.jpg,72,74,95,49,46
val/00003658.jpg,68,29,35,67,97
val/00003659.jpg,17,26,23,70,33
val/00003660.jpg,78,48,10,26,37
val/00003661.jpg,34,28,20,6,58
val/00003662.jpg,24,80,5,3,0
val/00003663.jpg,33,38,58,70,13
val/00003664.jpg,75,71,94,67,32
val/00003665.jpg,51,15,21,92,87
val/00003666.jpg,81,87,72,15,99
val/00003667.jpg,95,87,2,72,74
val/00003668.jpg,28,4,8,10,88
val/00003669.jpg,18,62,45,63,38
val/00003670.jpg,71,42,32,0,67
val/00003671.jpg,51,79,92,55,21
val/00003672.jpg,81,19,52,72,35
val/00003673.jpg,90,41,1,25,89
val/00003674.jpg,80,29,9,44,69
val/00003675.jpg,75,81,95,87,74
val/00003676.jpg,92,77,68,97,21
val/00003677.jpg,28,91,10,65,4
val/00003678.jpg,73,74,50,94,90
val/00003679.jpg,94,67,71,3,49
val/00003680.jpg,89,19,36,69,7
val/00003681.jpg,63,17,69,45,78
val/00003682.jpg,52,67,19,3,61
val/00003683.jpg,42,0,32,67,71
val/00003684.jpg,74,3,58,99,27
val/00003685.jpg,75,81,87,43,24
val/00003686.jpg,12,77,21,92,40
val/00003687.jpg,43,97,9,29,55
val/00003688.jpg,28,65,10,91,20
val/00003689.jpg,79,24,52,35,68
val/00003690.jpg,18,62,45,17,63
val/00003691.jpg,98,68,97,57,29
val/00003692.jpg,23,66,88,22,64
val/00003693.jpg,58,37,33,54,10
val/00003694.jpg,51,40,27,81,98
val/00003695.jpg,33,70,38,54,78
val/00003696.jpg,23,66,17,88,75
val/00003697.jpg,63,14,48,78,37
val/00003698.jpg,20,33,70,7,58
val/00003699.jpg,55,84,97,68,98
val/00003700.jpg,72,56,42,46,24
val/00003701.jpg,56,84,74,75,71
val/00003702.jpg,93,31,39,82,55
val/00003703.jpg,26,65,91,10,28
val/00003704.jpg,33,38,8,13,58
val/00003705.jpg,75,95,72,15,2
val/00003706.jpg,90,63,69,41,1
val/00003707.jpg,41,73,12,74,63
val/00003708.jpg,51,40,30,27,99
val/00003709.jpg,27,74,77,92,21
val/00003710.jpg,62,59,54,45,70
val/00003711.jpg,11,78,13,63,38
val/00003712.jpg,14,22,8,13,64
val/00003713.jpg,53,72,46,47,50
val/00003714.jpg,47,50,73,72,65
val/00003715.jpg,8,2,88,38,13
val/00003716.jpg,94,68,56,75,67
val/00003717.jpg,22,69,64,7,58
val/00003718.jpg,59,60,50,72,16
val/00003719.jpg,66,23,88,14,17
val/00003720.jpg,42,71,0,67,5
val/00003721.jpg,21,76,92,79,40
val/00003722.jpg,63,1,69,41,48
val/00003723.jpg,10,26,28,91,48
val/00003724.jpg,34,90,60,91,20
val/00003725.jpg,17,70,38,63,33
val/00003726.jpg,64,41,18,16,83
val/00003727.jpg,53,76,72,24,81
val/00003728.jpg,13,11,88,14,8
val/00003729.jpg,17,45,6,37,78
val/00003730.jpg,81,75,72,35,50
val/00003731.jpg,22,1,60,4,38
val/00003732.jpg,81,56,24,84,75
val/00003733.jpg,23,66,95,88,22
val/00003734.jpg,92,97,40,79,68
val/00003735.jpg,61,44,67,35,32
val/00003736.jpg,18,62,6,16,69
val/00003737.jpg,69,19,93,54,74
val/00003738.jpg,97,68,27,51,98
val/00003739.jpg,46,43,42,99,72
val/00003740.jpg,89,20,69,28,26
val/00003741.jpg,93,3,49,69,28
val/00003742.jpg,68,98,97,84,9
val/00003743.jpg,56,84,66,74,34
val/00003744.jpg,41,89,90,64,63
val/00003745.jpg,77,21,12,40,92
val/00003746.jpg,84,27,57,68,56
val/00003747.jpg,6,62,18,45,10
val/00003748.jpg,18,62,41,8,11
val/00003749.jpg,94,71,0,67,85
val/00003750.jpg,98,68,97,29,57
val/00003751.jpg,60,34,19,33,6
val/00003752.jpg,77,12,21,92,79
val/00003753.jpg,7,19,20,69,52
val/00003754.jpg,67,71,32,42,46
val/00003755.jpg,80,44,29,9,97
val/00003756.jpg,94,67,31,71,49
val/00003757.jpg,66,23,64,11,54
val/00003758.jpg,11,66,22,58,33
val/00003759.jpg,32,0,5,71,42
val/00003760.jpg,42,32,0,41,71
val/00003761.jpg,91,28,10,65,20
val/00003762.jpg,95,2,87,15,74
val/00003763.jpg,20,10,26,37,17
val/00003764.jpg,51,27,75,97,40
val/00003765.jpg,41,63,64,17,45
val/00003766.jpg,72,53,39,76,2
val/00003767.jpg,86,65,94,3,67
val/00003768.jpg,70,17,54,36,16
val/00003769.jpg,9,29,97,68,98
val/00003770.jpg,41,64,90,83,1
val/00003771.jpg,21,77,92,79,55
val/00003772.jpg,68,52,31,3,35
val/00003773.jpg,77,12,76,21,92
val/00003774.jpg,81,57,35,52,19
val/00003775.jpg,60,59,70,34,69
val/00003776.jpg,1,7,48,69,90
val/00003777.jpg,0,71,32,85,67
val/00003778.jpg,57,68,19,35,97
val/00003779.jpg,44,27,35,40,9
val/00003780.jpg,32,67,0,71,42
val/00003781.jpg,26,60,54,34,86
val/00003782.jpg,95,75,56,87,2
val/00003783.jpg,60,90,69,1,89
val/00003784.jpg,13,65,48,26,28
val/00003785.jpg,97,68,29,98,31
val/00003786.jpg,17,69,16,6,83
val/00003787.jpg,71,67,32,94,0
val/00003788.jpg,54,70,17,37,7
val/00003789.jpg,53,35,81,68,79
val/00003790.jpg,51,75,30,74,81
val/00003791.jpg,97,77,68,29,9
val/00003792.jpg,28,91,65,48,3
val/00003793.jpg,42,71,67,94,31
val/00003794.jpg,27,51,40,81,72
val/00003795.jpg,72,50,25,60,53
val/00003796.jpg,86,39,2,40,96
val/00003797.jpg,14,17,66,8,88
val/00003798.jpg,20,13,78,33,48
val/00003799.jpg,51,99,97,40,27
val/00003800.jpg,47,50,73,72,46
val/00003801.jpg,80,29,9,98,68
val/00003802.jpg,77,21,92,40,12
val/00003803.jpg,31,82,47,42,93
val/00003804.jpg,92,79,24,56,0
val/00003805.jpg,95,87,15,75,74
val/00003806.jpg,65,91,58,3,28
val/00003807.jpg,31,82,99,32,42
val/00003808.jpg,3,71,94,67,74
val/00003809.jpg,95,56,87,66,74
val/00003810.jpg,6,66,69,70,11
val/00003811.jpg,87,15,8,2,88
val/00003812.jpg,58,54,10,28,18
val/00003813.jpg,8,17,26,14,88
val/00003814.jpg,30,32,0,94,49
val/00003815.jpg,91,20,28,65,7
val/00003816.jpg,41,90,64,63,89
val/00003817.jpg,7,69,78,48,4
val/00003818.jpg,46,99,31,50,72
val/00003819.jpg,46,96,99,42,89
val/00003820.jpg,21,99,30,77,82
val/00003821.jpg,94,67,71,47,28
val/00003822.jpg,19,52,70,18,6
val/00003823.jpg,35,61,80,79,52
val/00003824.jpg,60,34,64,6,90
val/00003825.jpg,3,40,21,24,99
val/00003826.jpg,48,37,78,28,13
val/00003827.jpg,5,24,0,79,42
val/00003828.jpg,46,72,47,99,53
val/00003829.jpg,51,97,40,77,15
val/00003830.jpg,60,83,16,54,64
val/00003831.jpg,55,93,79,49,4
val/00003832.jpg,69,8,13,63,88
val/00003833.jpg,18,61,6,69,83
val/00003834.jpg,35,61,81,72,51
val/00003835.jpg,28,88,34,3,14
val/00003836.jpg,27,30,99,92,77
val/00003837.jpg,51,21,99,15,0
val/00003838.jpg,62,18,45,16,59
val/00003839.jpg,19,52,35,79,61
val/00003840.jpg,43,46,55,2,79
val/00003841.jpg,82,31,99,46,32
val/00003842.jpg,41,89,64,83,16
val/00003843.jpg,34,30,91,60,6
val/00003844.jpg,25,1,17,70,7
val/00003845.jpg,90,20,86,69,89
val/00003846.jpg,68,98,84,57,97
val/00003847.jpg,67,71,32,0,42
val/00003848.jpg,51,92,21,77,79
val/00003849.jpg,72,50,47,32,39
val/00003850.jpg,48,28,34,14,65
val/00003851.jpg,11,66,56,88,8
val/00003852.jpg,93,31,55,4,35
val/00003853.jpg,29,97,9,68,2
val/00003854.jpg,81,72,53,75,61
val/00003855.jpg,56,84,6,69,66
val/00003856.jpg,90,76,41,2,1
val/00003857.jpg,15,87,75,95,81
val/00003858.jpg,51,53,90,74,15
val/00003859.jpg,7,34,70,54,37
val/00003860.jpg,74,3,39,49,15
val/00003861.jpg,52,79,24,35,61
val/00003862.jpg,29,9,55,80,98
val/00003863.jpg,5,43,24,79,0
val/00003864.jpg,15,87,95,2,75
val/00003865.jpg,5,0,71,24,42
val/00003866.jpg,31,84,68,97,82
val/00003867.jpg,5,24,80,79,0
val/00003868.jpg,90,76,7,1,41
val/00003869.jpg,82,99,31,21,30
val/00003870.jpg,0,32,67,71,42
val/00003871.jpg,95,87,75,15,23
val/00003872.jpg,38,33,70,8,45
val/00003873.jpg,38,8,13,33,88
val/00003874.jpg,73,86,64,82,74
val/00003875.jpg,2,71,42,89,94
val/00003876.jpg,18,83,41,89,16
val/00003877.jpg,10,78,48,26,28
val/00003878.jpg,88,11,14,13,28
val/00003879.jpg,68,97,27,53,29
val/00003880.jpg,69,34,86,17,30
val/00003881.jpg,65,48,13,78,14
val/00003882.jpg,25,14,7,8,69
val/00003883.jpg,92,77,21,79,96
val/00003884.jpg,64,41,73,83,16
val/00003885.jpg,85,39,24,83,0
val/00003886.jpg,52,49,72,79,78
val/00003887.jpg,94,67,32,71,31
val/00003888.jpg,17,69,23,6,70
val/00003889.jpg,55,29,98,35,9
val/00003890.jpg,36,7,37,69,14
val/00003891.jpg,0,41,5,89,69
val/00003892.jpg,34,69,17,54,39
val/00003893.jpg,25,74,19,69,70
val/00003894.jpg,96,86,39,43,30
val/00003895.jpg,23,66,95,88,64
val/00003896.jpg,56,1,42,84,74
val/00003897.jpg,9,97,98,29,44
val/00003898.jpg,15,87,51,95,66
val/00003899.jpg,79,55,97,77,21
val/00003900.jpg,81,75,95,51,35
val/00003901.jpg,53,72,50,60,24
val/00003902.jpg,10,26,4,69,8
val/00003903.jpg,76,39,24,47,32
val/00003904.jpg,80,4,27,75,57
val/00003905.jpg,51,75,40,97,74
val/00003906.jpg,31,32,99,46,82
val/00003907.jpg,53,72,68,97,76
val/00003908.jpg,70,33,54,59,38
val/00003909.jpg,86,52,35,43,79
val/00003910.jpg,78,26,10,48,17
val/00003911.jpg,54,60,7,33,1
val/00003912.jpg,51,99,30,75,40
val/00003913.jpg,72,50,46,53,27
val/00003914.jpg,56,84,74,49,75
val/00003915.jpg,58,3,33,88,95
val/00003916.jpg,87,15,66,51,95
val/00003917.jpg,98,68,97,77,53
val/00003918.jpg,75,2,87,3,65
val/00003919.jpg,44,2,53,96,9
val/00003920.jpg,99,46,42,32,21
val/00003921.jpg,80,35,68,29,97
val/00003922.jpg,49,32,42,30,99
val/00003923.jpg,76,24,3,39,79
val/00003924.jpg,54,18,64,70,62
val/00003925.jpg,55,35,43,98,29
val/00003926.jpg,57,35,19,79,52
val/00003927.jpg,4,74,69,96,80
val/00003928.jpg,32,0,67,61,71
val/00003929.jpg,36,69,7,39,4
val/00003930.jpg,21,49,99,77,4
val/00003931.jpg,55,27,96,86,29
val/00003932.jpg,50,3,47,65,73
val/00003933.jpg,63,8,62,42,16
val/00003934.jpg,20,28,91,34,65
val/00003935.jpg,90,53,24,72,43
val/00003936.jpg,56,11,49,84,66
val/00003937.jpg,6,60,64,70,63
val/00003938.jpg,34,14,88,47,28
val/00003939.jpg,81,44,27,35,40
val/00003940.jpg,59,45,10,62,78
val/00003941.jpg,82,31,99,86,94
val/00003942.jpg,56,84,75,74,42
val/00003943.jpg,50,72,73,37,1
val/00003944.jpg,23,66,88,8,17
val/00003945.jpg,93,3,42,49,31
val/00003946.jpg,91,60,20,1,7
val/00003947.jpg,47,46,31,99,82
val/00003948.jpg,58,28,91,6,10
val/00003949.jpg,51,30,99,21,75
val/00003950.jpg,73,50,74,82,47
val/00003951.jpg,83,16,64,15,60
val/00003952.jpg,7,26,10,91,48
val/00003953.jpg,60,34,64,69,89
val/00003954.jpg,2,76,96,39,43
val/00003955.jpg,9,29,97,44,96
val/00003956.jpg,88,8,11,14,98
val/00003957.jpg,50,47,53,72,73
val/00003958.jpg,88,56,87,3,14
val/00003959.jpg,25,88,34,41,56
val/00003960.jpg,54,7,59,39,70
val/00003961.jpg,98,68,97,77,55
val/00003962.jpg,89,22,34,60,8
val/00003963.jpg,20,28,37,91,48
val/00003964.jpg,80,29,9,44,2
val/00003965.jpg,2,71,75,42,67
val/00003966.jpg,24,79,52,43,35
val/00003967.jpg,62,45,63,17,70
val/00003968.jpg,90,22,6,66,69
val/00003969.jpg,45,62,38,78,13
val/00003970.jpg,57,4,35,81,98
val/00003971.jpg,35,43,55,79,52
val/00003972.jpg,26,90,50,73,23
val/00003973.jpg,0,5,42,71,32
val/00003974.jpg,43,49,7,79,19
val/00003975.jpg,7,54,78,91,33
val/00003976.jpg,7,3,69,23,76
val/00003977.jpg,48,10,37,91,20
val/00003978.jpg,7,47,69,39,72
val/00003979.jpg,49,55,21,79,30
val/00003980.jpg,99,31,46,82,21
val/00003981.jpg,77,68,27,97,92
val/00003982.jpg,9,97,68,29,44
val/00003983.jpg,20,47,34,64,91
val/00003984.jpg,35,68,97,79,55
val/00003985.jpg,12,77,92,21,27
val/00003986.jpg,12,77,21,92,40
val/00003987.jpg,66,88,4,23,22
val/00003988.jpg,61,35,24,32,85
val/00003989.jpg,7,20,91,34,28
val/00003990.jpg,84,56,68,35,44
val/00003991.jpg,2,71,94,39,67
val/00003992.jpg,40,92,77,12,21
val/00003993.jpg,57,49,79,80,35
val/00003994.jpg,11,13,63,8,38
val/00003995.jpg,92,79,24,5,77
val/00003996.jpg,7,3,69,91,74
val/00003997.jpg,4,80,17,29,69
val/00003998.jpg,54,60,26,17,83
val/00003999.jpg,60,25,19,34,7
val/00004000.jpg,45,38,62,63,70
val/00004001.jpg,37,48,14,34,78
val/00004002.jpg,63,13,26,45,17
val/00004003.jpg,53,72,81,68,24
val/00004004.jpg,72,43,56,49,39
val/00004005.jpg,59,70,16,37,62
val/00004006.jpg,48,1,91,37,63
val/00004007.jpg,20,28,74,14,34
val/00004008.jpg,26,28,10,91,20
val/00004009.jpg,10,37,26,20,34
val/00004010.jpg,49,72,75,79,3
val/00004011.jpg,63,11,13,48,69
val/00004012.jpg,15,66,56,87,95
val/00004013.jpg,16,59,54,83,18
val/00004014.jpg,64,54,34,60,17
val/00004015.jpg,93,55,43,49,80
val/00004016.jpg,65,7,86,48,39
val/00004017.jpg,44,97,35,68,84
val/00004018.jpg,8,69,76,6,89
val/00004019.jpg,19,8,70,18,59
val/00004020.jpg,64,69,63,33,6
val/00004021.jpg,78,45,48,14,13
val/00004022.jpg,96,9,55,29,98
val/00004023.jpg,70,17,54,16,64
val/00004024.jpg,38,33,13,70,64
val/00004025.jpg,58,33,20,70,48
val/00004026.jpg,70,17,45,54,38
val/00004027.jpg,78,14,8,88,13
val/00004028.jpg,71,67,94,32,3
val/00004029.jpg,74,73,46,30,99
val/00004030.jpg,55,98,9,68,97
val/00004031.jpg,74,39,86,73,3
val/00004032.jpg,52,19,35,79,61
val/00004033.jpg,69,10,91,96,28
val/00004034.jpg,10,28,91,48,14
val/00004035.jpg,62,38,63,45,70
val/00004036.jpg,74,99,46,30,42
val/00004037.jpg,84,68,31,97,98
val/00004038.jpg,19,52,79,35,39
val/00004039.jpg,45,62,17,70,78
val/00004040.jpg,86,39,34,19,26
val/00004041.jpg,30,82,99,32,73
val/00004042.jpg,86,96,99,29,9
val/00004043.jpg,61,35,52,79,19
val/00004044.jpg,60,59,63,69,16
val/00004045.jpg,58,22,33,65,11
val/00004046.jpg,4,1,33,69,88
val/00004047.jpg,31,42,67,94,46
val/00004048.jpg,9,98,44,29,55
val/00004049.jpg,75,9,97,2,40
val/00004050.jpg,86,26,17,10,91
val/00004051.jpg,69,85,32,39,20
val/00004052.jpg,36,7,69,14,37
val/00004053.jpg,8,33,58,13,11
val/00004054.jpg,92,79,77,55,97
val/00004055.jpg,10,37,48,78,14
val/00004056.jpg,2,30,99,87,51
val/00004057.jpg,1,34,90,87,75
val/00004058.jpg,41,64,63,42,69
val/00004059.jpg,19,25,39,52,74
val/00004060.jpg,65,91,42,99,49
val/00004061.jpg,13,48,14,78,17
val/00004062.jpg,99,27,46,32,30
val/00004063.jpg,95,74,87,15,72
val/00004064.jpg,34,17,20,10,58
val/00004065.jpg,9,29,80,96,86
val/00004066.jpg,95,87,23,75,15
val/00004067.jpg,42,99,21,30,49
val/00004068.jpg,54,26,18,17,16
val/00004069.jpg,70,37,17,54,16
val/00004070.jpg,33,58,13,38,48
val/00004071.jpg,55,98,29,68,86
val/00004072.jpg,82,27,99,31,96
val/00004073.jpg,89,41,69,63,42
val/00004074.jpg,20,28,74,17,58
val/00004075.jpg,16,83,18,60,54
val/00004076.jpg,9,35,55,98,44
val/00004077.jpg,74,50,58,3,7
val/00004078.jpg,67,32,42,71,0
val/00004079.jpg,7,36,69,34,20
val/00004080.jpg,43,79,5,97,53
val/00004081.jpg,12,77,21,92,79
val/00004082.jpg,68,97,98,31,82
val/00004083.jpg,26,10,28,65,91
val/00004084.jpg,77,68,21,97,98
val/00004085.jpg,70,64,38,54,33
val/00004086.jpg,7,69,88,34,14
val/00004087.jpg,42,49,46,99,2
val/00004088.jpg,1,89,39,83,63
val/00004089.jpg,71,67,0,32,42
val/00004090.jpg,51,99,21,82,46
val/00004091.jpg,85,52,24,79,53
val/00004092.jpg,35,61,52,79,55
val/00004093.jpg,86,39,26,42,96
val/00004094.jpg,81,53,72,75,35
val/00004095.jpg,20,91,48,1,28
val/00004096.jpg,42,3,65,78,49
val/00004097.jpg,23,66,95,87,64
val/00004098.jpg,83,16,89,64,41
val/00004099.jpg,35,84,55,27,96
val/00004100.jpg,96,27,40,82,97
val/00004101.jpg,48,14,13,78,28
val/00004102.jpg,8,38,13,14,78
val/00004103.jpg,77,21,40,12,92
val/00004104.jpg,28,14,69,65,78
val/00004105.jpg,53,72,81,24,35
val/00004106.jpg,11,13,63,78,38
val/00004107.jpg,1,64,85,41,83
val/00004108.jpg,51,15,4,16,18
val/00004109.jpg,26,91,28,65,10
val/00004110.jpg,1,63,48,90,69
val/00004111.jpg,44,74,94,71,40
val/00004112.jpg,15,87,95,74,51
val/00004113.jpg,0,86,42,5,89
val/00004114.jpg,25,19,1,74,50
val/00004115.jpg,52,79,24,35,43
val/00004116.jpg,11,88,17,22,64
val/00004117.jpg,79,24,43,92,5
val/00004118.jpg,49,95,56,67,72
val/00004119.jpg,19,39,52,76,54
val/00004120.jpg,33,78,38,70,13
val/00004121.jpg,42,32,99,67,71
val/00004122.jpg,58,28,33,6,74
val/00004123.jpg,86,39,85,65,2
val/00004124.jpg,32,0,42,71,67
val/00004125.jpg,96,39,99,30,74
val/00004126.jpg,82,83,73,30,39
val/00004127.jpg,68,97,98,84,27
val/00004128.jpg,26,10,37,78,48
val/00004129.jpg,62,45,18,17,63
val/00004130.jpg,66,15,11,95,22
val/00004131.jpg,10,91,48,69,7
val/00004132.jpg,68,98,97,77,53
val/00004133.jpg,52,19,35,39,79
val/00004134.jpg,31,74,49,27,46
val/00004135.jpg,54,26,17,96,86
val/00004136.jpg,58,33,13,22,8
val/00004137.jpg,8,88,14,22,4
val/00004138.jpg,82,31,32,99,30
val/00004139.jpg,49,30,99,21,74
val/00004140.jpg,60,36,25,7,22
val/00004141.jpg,62,70,54,18,16
val/00004142.jpg,18,62,54,69,16
val/00004143.jpg,25,41,1,64,69
val/00004144.jpg,13,45,11,6,63
val/00004145.jpg,95,87,15,2,75
val/00004146.jpg,21,99,77,55,92
val/00004147.jpg,64,83,16,70,54
val/00004148.jpg,29,9,97,68,26
val/00004149.jpg,13,11,78,38,45
val/00004150.jpg,26,28,91,65,10
val/00004151.jpg,80,29,5,97,44
val/00004152.jpg,27,72,99,46,12
val/00004153.jpg,81,57,35,68,52
val/00004154.jpg,58,33,48,37,65
val/00004155.jpg,45,38,62,78,13
val/00004156.jpg,27,5,79,97,68
val/00004157.jpg,52,19,79,35,24
val/00004158.jpg,34,13,69,11,17
val/00004159.jpg,72,7,53,19,27
val/00004160.jpg,46,99,72,78,27
val/00004161.jpg,76,49,24,12,89
val/00004162.jpg,43,79,24,5,35
val/00004163.jpg,23,95,66,15,75
val/00004164.jpg,2,9,97,29,55
val/00004165.jpg,50,73,82,34,17
val/00004166.jpg,99,21,65,30,40
val/00004167.jpg,90,23,1,22,53
val/00004168.jpg,62,63,78,59,37
val/00004169.jpg,96,9,44,35,55
val/00004170.jpg,48,78,1,37,13
val/00004171.jpg,34,64,66,60,7
val/00004172.jpg,38,78,45,13,63
val/00004173.jpg,5,24,79,43,71
val/00004174.jpg,98,55,57,35,68
val/00004175.jpg,96,98,27,77,76
val/00004176.jpg,29,26,80,4,17
val/00004177.jpg,16,83,64,54,70
val/00004178.jpg,73,50,74,82,94
val/00004179.jpg,67,61,71,32,52
val/00004180.jpg,54,17,70,64,86
val/00004181.jpg,83,16,18,60,54
val/00004182.jpg,18,69,63,89,8
val/00004183.jpg,57,35,52,19,81
val/00004184.jpg,97,68,98,77,35
val/00004185.jpg,41,64,90,63,1
val/00004186.jpg,7,69,54,91,49
val/00004187.jpg,64,17,38,58,33
val/00004188.jpg,59,60,16,83,70
val/00004189.jpg,9,29,55,97,68
val/00004190.jpg,84,56,34,30,27
val/00004191.jpg,46,99,42,82,72
val/00004192.jpg,67,71,94,49,0
val/00004193.jpg,51,98,97,68,57
val/00004194.jpg,83,16,6,34,64
val/00004195.jpg,6,69,70,17,16
val/00004196.jpg,61,85,3,73,40
val/00004197.jpg,23,66,70,14,37
val/00004198.jpg,62,18,45,70,17
val/00004199.jpg,98,68,84,27,97
val/00004200.jpg,19,32,36,52,39
val/00004201.jpg,3,52,24,76,79
val/00004202.jpg,57,35,79,80,55
val/00004203.jpg,83,16,6,64,54
val/00004204.jpg,86,82,39,47,26
val/00004205.jpg,52,79,35,19,86
val/00004206.jpg,30,49,21,55,77
val/00004207.jpg,0,32,67,71,5
val/00004208.jpg,38,17,33,13,70
val/00004209.jpg,39,52,76,85,86
val/00004210.jpg,48,1,63,37,69
val/00004211.jpg,82,90,73,64,41
val/00004212.jpg,75,95,3,91,23
val/00004213.jpg,44,35,81,53,51
val/00004214.jpg,29,68,97,67,80
val/00004215.jpg,77,21,12,92,40
val/00004216.jpg,29,77,97,5,79
val/00004217.jpg,28,10,58,78,37
val/00004218.jpg,21,4,77,10,40
val/00004219.jpg,8,88,38,2,11
val/00004220.jpg,8,2,91,13,65
val/00004221.jpg,21,77,92,99,49
val/00004222.jpg,18,62,45,16,13
val/00004223.jpg,35,97,55,68,79
val/00004224.jpg,50,47,65,72,37
val/00004225.jpg,58,15,87,74,65
val/00004226.jpg,35,80,24,43,52
val/00004227.jpg,2,9,44,86,96
val/00004228.jpg,77,55,97,68,29
val/00004229.jpg,98,68,97,35,55
val/00004230.jpg,47,72,50,23,7
val/00004231.jpg,17,34,37,26,48
val/00004232.jpg,69,20,19,37,89
val/00004233.jpg,69,7,89,60,19
val/00004234.jpg,29,9,67,80,0
val/00004235.jpg,72,47,53,46,65
val/00004236.jpg,22,90,1,24,5
val/00004237.jpg,90,76,1,41,22
val/00004238.jpg,49,93,43,56,79
val/00004239.jpg,1,7,76,19,90
val/00004240.jpg,43,97,9,68,55
val/00004241.jpg,22,56,35,14,72
val/00004242.jpg,55,44,9,96,35
val/00004243.jpg,13,63,1,22,48
val/00004244.jpg,9,97,55,29,96
val/00004245.jpg,82,99,31,46,42
val/00004246.jpg,80,54,4,16,26
val/00004247.jpg,35,61,79,68,52
val/00004248.jpg,23,66,64,69,17
val/00004249.jpg,30,82,32,99,0
val/00004250.jpg,36,14,37,17,7
val/00004251.jpg,39,86,74,99,27
val/00004252.jpg,88,8,64,14,11
val/00004253.jpg,56,66,74,3,22
val/00004254.jpg,26,54,17,58,34
val/00004255.jpg,88,74,3,27,39
val/00004256.jpg,56,66,88,11,75
val/00004257.jpg,35,80,55,29,98
val/00004258.jpg,88,66,11,23,8
val/00004259.jpg,83,16,60,54,18
val/00004260.jpg,83,69,6,34,64
val/00004261.jpg,36,69,7,89,39
val/00004262.jpg,56,75,1,8,88
val/00004263.jpg,52,19,79,35,24
val/00004264.jpg,90,76,1,60,22
val/00004265.jpg,38,45,33,70,78
val/00004266.jpg,51,97,92,68,77
val/00004267.jpg,58,54,33,74,66
val/00004268.jpg,91,10,20,28,26
val/00004269.jpg,86,96,44,9,27
val/00004270.jpg,31,82,46,47,99
val/00004271.jpg,86,65,39,36,34
val/00004272.jpg,11,8,13,22,63
val/00004273.jpg,84,99,92,46,55
val/00004274.jpg,80,29,44,96,9
val/00004275.jpg,3,39,61,67,71
val/00004276.jpg,18,62,38,63,70
val/00004277.jpg,1,90,56,72,75
val/00004278.jpg,67,94,32,3,71
val/00004279.jpg,58,70,37,17,63
val/00004280.jpg,85,39,52,61,24
val/00004281.jpg,41,90,63,22,60
val/00004282.jpg,64,47,20,70,60
val/00004283.jpg,52,72,19,79,53
val/00004284.jpg,51,46,99,74,66
val/00004285.jpg,37,20,70,69,17
val/00004286.jpg,92,79,77,55,24
val/00004287.jpg,73,82,50,21,74
val/00004288.jpg,56,74,95,84,72
val/00004289.jpg,23,75,66,87,91
val/00004290.jpg,95,74,88,27,3
val/00004291.jpg,10,48,78,28,37
val/00004292.jpg,96,86,77,27,99
val/00004293.jpg,2,53,43,97,68
val/00004294.jpg,26,73,10,28,34
val/00004295.jpg,96,84,97,29,68
val/00004296.jpg,47,90,1,39,25
val/00004297.jpg,82,31,99,46,27
val/00004298.jpg,31,94,67,71,68
val/00004299.jpg,21,77,97,3,68
val/00004300.jpg,23,66,88,69,11
val/00004301.jpg,39,50,72,49,47
val/00004302.jpg,19,52,74,75,56
val/00004303.jpg,8,88,33,14,66
val/00004304.jpg,9,68,97,98,29
val/00004305.jpg,85,0,71,5,32
val/00004306.jpg,58,33,70,13,48
val/00004307.jpg,69,34,6,10,7
val/00004308.jpg,7,39,89,69,96
val/00004309.jpg,63,69,17,6,11
val/00004310.jpg,66,23,54,17,69
val/00004311.jpg,16,83,18,54,62
val/00004312.jpg,41,90,1,63,42
val/00004313.jpg,90,89,2,76,91
val/00004314.jpg,83,16,64,54,70
val/00004315.jpg,15,87,66,95,51
val/00004316.jpg,93,27,55,3,49
val/00004317.jpg,31,47,42,50,71
val/00004318.jpg,71,30,49,42,0
val/00004319.jpg,84,81,44,35,52
val/00004320.jpg,15,74,87,64,19
val/00004321.jpg,60,19,34,7,59
val/00004322.jpg,76,96,39,86,82
val/00004323.jpg,97,68,40,51,98
val/00004324.jpg,74,39,86,27,96
val/00004325.jpg,39,85,3,19,15
val/00004326.jpg,90,91,20,34,60
val/00004327.jpg,97,68,44,98,40
val/00004328.jpg,2,9,71,67,44
val/00004329.jpg,58,34,7,33,87
val/00004330.jpg,78,37,48,26,10
val/00004331.jpg,42,71,32,67,0
val/00004332.jpg,87,15,95,2,75
val/00004333.jpg,35,61,55,49,79
val/00004334.jpg,42,0,71,67,46
val/00004335.jpg,67,32,42,71,0
val/00004336.jpg,95,51,93,75,87
val/00004337.jpg,26,91,28,10,65
val/00004338.jpg,14,78,20,37,48
val/00004339.jpg,83,69,16,89,6
val/00004340.jpg,85,39,3,89,24
val/00004341.jpg,97,68,40,29,9
val/00004342.jpg,52,81,35,19,61
val/00004343.jpg,99,51,31,32,21
val/00004344.jpg,51,75,87,15,30
val/00004345.jpg,31,46,99,82,72
val/00004346.jpg,85,39,0,24,32
val/00004347.jpg,11,88,8,14,22
val/00004348.jpg,78,54,10,26,48
val/00004349.jpg,71,0,32,42,67
val/00004350.jpg,84,54,3,19,72
val/00004351.jpg,43,96,2,39,79
val/00004352.jpg,2,71,67,42,94
val/00004353.jpg,44,96,5,9,97
val/00004354.jpg,6,69,63,17,70
val/00004355.jpg,44,35,40,81,39
val/00004356.jpg,16,62,18,63,59
val/00004357.jpg,66,23,56,95,88
val/00004358.jpg,31,67,94,32,49
val/00004359.jpg,65,87,84,72,2
val/00004360.jpg,50,52,53,35,24
val/00004361.jpg,35,79,61,52,68
val/00004362.jpg,51,55,99,9,96
val/00004363.jpg,61,35,32,40,82
val/00004364.jpg,98,68,97,55,77
val/00004365.jpg,70,38,17,64,33
val/00004366.jpg,66,23,87,95,88
val/00004367.jpg,16,62,70,59,18
val/00004368.jpg,95,49,2,93,55
val/00004369.jpg,32,67,42,0,71
val/00004370.jpg,61,35,67,32,52
val/00004371.jpg,49,43,93,30,42
val/00004372.jpg,36,60,19,30,7
val/00004373.jpg,43,35,79,52,24
val/00004374.jpg,6,17,56,34,66
val/00004375.jpg,38,18,33,54,70
val/00004376.jpg,9,44,29,97,2
val/00004377.jpg,5,24,0,71,43
val/00004378.jpg,57,19,85,84,35
val/00004379.jpg,29,55,35,9,98
val/00004380.jpg,1,63,48,69,90
val/00004381.jpg,33,70,58,38,17
val/00004382.jpg,58,33,48,8,38
val/00004383.jpg,52,35,57,19,61
val/00004384.jpg,86,91,55,10,39
val/00004385.jpg,44,29,9,80,96
val/00004386.jpg,42,71,67,32,0
val/00004387.jpg,13,8,38,78,63
val/00004388.jpg,80,29,9,44,97
val/00004389.jpg,4,77,55,68,98
val/00004390.jpg,63,78,48,37,45
val/00004391.jpg,72,53,50,1,81
val/00004392.jpg,10,48,34,20,37
val/00004393.jpg,51,40,99,92,77
val/00004394.jpg,92,12,79,77,99
val/00004395.jpg,43,5,71,24,79
val/00004396.jpg,8,86,14,78,38
val/00004397.jpg,69,4,40,34,82
val/00004398.jpg,77,79,55,29,92
val/00004399.jpg,58,50,6,70,33
val/00004400.jpg,1,90,19,22,24
val/00004401.jpg,69,6,89,18,17
val/00004402.jpg,38,70,33,45,54
val/00004403.jpg,78,45,13,14,37
val/00004404.jpg,96,9,40,2,97
val/00004405.jpg,39,26,86,7,20
val/00004406.jpg,52,19,35,24,61
val/00004407.jpg,75,15,39,24,2
val/00004408.jpg,92,43,24,79,5
val/00004409.jpg,32,42,46,67,47
val/00004410.jpg,74,51,15,27,99
val/00004411.jpg,60,38,25,16,59
val/00004412.jpg,95,87,15,74,75
val/00004413.jpg,28,26,20,10,91
val/00004414.jpg,44,35,40,61,2
val/00004415.jpg,46,99,30,21,82
val/00004416.jpg,36,39,81,76,31
val/00004417.jpg,47,14,37,73,70
val/00004418.jpg,45,62,18,78,59
val/00004419.jpg,81,72,53,75,50
val/00004420.jpg,20,28,34,91,3
val/00004421.jpg,86,39,82,96,30
val/00004422.jpg,52,19,79,24,39
val/00004423.jpg,84,68,98,97,57
val/00004424.jpg,35,55,97,79,57
val/00004425.jpg,13,78,28,34,14
val/00004426.jpg,15,87,95,74,51
val/00004427.jpg,87,15,51,75,95
val/00004428.jpg,89,8,69,18,88
val/00004429.jpg,15,81,74,87,39
val/00004430.jpg,54,70,25,59,16
val/00004431.jpg,60,59,19,54,70
val/00004432.jpg,66,23,37,17,54
val/00004433.jpg,28,91,14,48,20
val/00004434.jpg,4,77,21,99,30
val/00004435.jpg,58,33,38,13,70
val/00004436.jpg,3,21,77,74,40
val/00004437.jpg,11,41,0,69,89
val/00004438.jpg,97,68,29,9,35
val/00004439.jpg,63,11,41,13,69
val/00004440.jpg,43,55,35,52,79
val/00004441.jpg,41,25,1,63,64
val/00004442.jpg,94,67,71,3,49
val/00004443.jpg,66,23,22,56,74
val/00004444.jpg,40,96,97,55,61
val/00004445.jpg,42,32,47,67,71
val/00004446.jpg,16,83,60,54,18
val/00004447.jpg,46,55,43,79,99
val/00004448.jpg,9,29,97,68,80
val/00004449.jpg,64,17,26,86,34
val/00004450.jpg,74,75,3,79,95
val/00004451.jpg,6,69,66,56,1
val/00004452.jpg,94,86,31,65,42
val/00004453.jpg,67,71,42,49,32
val/00004454.jpg,51,99,30,97,68
val/00004455.jpg,13,14,78,48,17
val/00004456.jpg,35,61,97,24,79
val/00004457.jpg,68,97,98,29,57
val/00004458.jpg,11,8,88,22,69
val/00004459.jpg,73,46,53,50,72
val/00004460.jpg,58,28,34,54,17
val/00004461.jpg,14,78,69,37,34
val/00004462.jpg,75,33,1,70,48
val/00004463.jpg,44,40,97,9,82
val/00004464.jpg,30,55,49,4,69
val/00004465.jpg,18,62,63,38,45
val/00004466.jpg,59,62,45,18,16
val/00004467.jpg,33,58,38,8,48
val/00004468.jpg,25,64,59,38,60
val/00004469.jpg,96,86,39,29,27
val/00004470.jpg,79,99,92,24,27
val/00004471.jpg,57,19,52,35,68
val/00004472.jpg,25,19,1,52,50
val/00004473.jpg,83,85,4,12,16
val/00004474.jpg,34,64,66,33,58
val/00004475.jpg,39,85,53,71,2
val/00004476.jpg,76,24,82,31,3
val/00004477.jpg,1,90,63,41,69
val/00004478.jpg,69,14,11,88,78
val/00004479.jpg,53,72,50,46,47
val/00004480.jpg,9,40,34,29,30
val/00004481.jpg,26,10,28,91,65
val/00004482.jpg,55,79,49,43,98
val/00004483.jpg,95,87,75,15,74
val/00004484.jpg,60,69,89,7,34
val/00004485.jpg,80,29,44,35,97
val/00004486.jpg,79,97,77,68,55
val/00004487.jpg,58,17,47,37,33
val/00004488.jpg,31,67,42,36,65
val/00004489.jpg,67,80,2,94,35
val/00004490.jpg,32,42,47,71,67
val/00004491.jpg,26,60,34,64,54
val/00004492.jpg,10,78,26,48,28
val/00004493.jpg,20,37,10,28,17
val/00004494.jpg,87,15,51,99,75
val/00004495.jpg,51,21,77,99,40
val/00004496.jpg,55,80,29,4,96
val/00004497.jpg,66,23,1,90,75
val/00004498.jpg,42,32,0,71,67
val/00004499.jpg,69,63,62,6,18
val/00004500.jpg,49,94,67,69,71
val/00004501.jpg,46,72,99,39,53
val/00004502.jpg,82,31,27,99,74
val/00004503.jpg,38,33,70,54,13
val/00004504.jpg,31,99,82,46,32
val/00004505.jpg,23,66,37,10,50
val/00004506.jpg,3,39,74,24,61
val/00004507.jpg,53,39,43,72,76
val/00004508.jpg,86,39,96,82,67
val/00004509.jpg,81,44,39,69,30
val/00004510.jpg,7,36,72,47,69
val/00004511.jpg,58,17,33,37,70
val/00004512.jpg,0,42,71,89,67
val/00004513.jpg,56,66,22,6,69
val/00004514.jpg,51,30,75,99,40
val/00004515.jpg,19,52,93,79,35
val/00004516.jpg,84,68,56,31,98
val/00004517.jpg,27,99,74,30,82
val/00004518.jpg,72,60,50,46,47
val/00004519.jpg,21,99,30,49,77
val/00004520.jpg,22,81,19,1,50
val/00004521.jpg,18,16,62,83,64
val/00004522.jpg,24,0,89,79,92
val/00004523.jpg,80,35,29,5,79
val/00004524.jpg,49,79,56,2,44
val/00004525.jpg,11,63,13,41,69
val/00004526.jpg,44,97,79,29,2
val/00004527.jpg,14,48,78,13,63
val/00004528.jpg,73,82,50,83,69
val/00004529.jpg,36,60,7,19,17
val/00004530.jpg,62,18,70,16,89
val/00004531.jpg,68,35,98,29,57
val/00004532.jpg,71,0,32,42,85
val/00004533.jpg,4,88,22,35,93
val/00004534.jpg,2,23,87,15,72
val/00004535.jpg,9,2,5,97,43
val/00004536.jpg,40,97,92,98,68
val/00004537.jpg,6,18,63,16,62
val/00004538.jpg,74,3,73,99,27
val/00004539.jpg,52,24,19,79,85
val/00004540.jpg,37,63,78,45,14
val/00004541.jpg,2,94,71,49,39
val/00004542.jpg,4,88,14,11,8
val/00004543.jpg,6,69,63,90,17
val/00004544.jpg,9,2,29,44,97
val/00004545.jpg,18,54,17,62,26
val/00004546.jpg,54,17,70,60,64
val/00004547.jpg,57,68,98,35,19
val/00004548.jpg,93,54,58,4,33
val/00004549.jpg,70,59,17,60,16
val/00004550.jpg,5,0,89,43,71
val/00004551.jpg,67,32,71,42,31
val/00004552.jpg,55,35,57,93,98
val/00004553.jpg,69,42,89,26,86
val/00004554.jpg,18,62,45,54,17
val/00004555.jpg,81,75,72,53,24
val/00004556.jpg,17,6,54,34,64
val/00004557.jpg,36,70,7,54,19
val/00004558.jpg,86,65,99,94,3
val/00004559.jpg,10,26,48,9,78
val/00004560.jpg,20,14,37,10,28
val/00004561.jpg,24,79,43,71,5
val/00004562.jpg,35,52,68,31,93
val/00004563.jpg,72,53,47,50,39
val/00004564.jpg,48,7,65,78,91
val/00004565.jpg,87,15,95,75,51
val/00004566.jpg,25,1,7,13,69
val/00004567.jpg,19,43,52,84,39
val/00004568.jpg,57,19,52,55,98
val/00004569.jpg,7,37,19,90,69
val/00004570.jpg,28,10,91,65,48
val/00004571.jpg,57,68,98,35,4
val/00004572.jpg,95,2,75,87,72
val/00004573.jpg,60,38,1,56,70
val/00004574.jpg,26,43,64,76,8
val/00004575.jpg,8,33,13,11,66
val/00004576.jpg,20,91,89,28,10
val/00004577.jpg,69,6,89,34,63
val/00004578.jpg,68,57,98,97,29
val/00004579.jpg,79,24,0,49,32
val/00004580.jpg,87,2,75,51,15
val/00004581.jpg,69,63,20,1,90
val/00004582.jpg,20,73,64,34,39
val/00004583.jpg,51,21,40,30,99
val/00004584.jpg,26,91,65,28,10
val/00004585.jpg,8,2,56,43,88
val/00004586.jpg,54,33,58,17,18
val/00004587.jpg,53,81,72,43,2
val/00004588.jpg,97,68,51,92,35
val/00004589.jpg,28,34,91,65,26
val/00004590.jpg,9,29,97,68,98
val/00004591.jpg,63,14,69,94,20
val/00004592.jpg,83,69,54,16,17
val/00004593.jpg,14,78,37,48,25
val/00004594.jpg,39,3,72,19,52
val/00004595.jpg,69,20,34,63,37
val/00004596.jpg,76,3,40,24,39
val/00004597.jpg,65,49,3,42,14
val/00004598.jpg,31,71,97,68,32
val/00004599.jpg,57,4,35,98,68
val/00004600.jpg,54,86,26,7,17
val/00004601.jpg,61,35,40,0,67
val/00004602.jpg,12,77,21,92,40
val/00004603.jpg,90,24,19,76,72
val/00004604.jpg,61,32,67,71,49
val/00004605.jpg,87,8,2,88,15
val/00004606.jpg,80,21,3,67,35
val/00004607.jpg,77,92,12,21,79
val/00004608.jpg,28,91,10,20,65
val/00004609.jpg,13,69,28,10,20
val/00004610.jpg,85,24,71,79,52
val/00004611.jpg,0,67,32,71,69
val/00004612.jpg,92,79,43,55,97
val/00004613.jpg,63,69,6,62,45
val/00004614.jpg,77,12,21,92,96
val/00004615.jpg,86,94,65,73,74
val/00004616.jpg,26,65,86,10,28
val/00004617.jpg,57,35,55,84,68
val/00004618.jpg,22,69,14,7,37
val/00004619.jpg,84,31,68,97,27
val/00004620.jpg,2,87,24,53,15
val/00004621.jpg,74,39,30,96,72
val/00004622.jpg,51,92,79,40,35
val/00004623.jpg,72,46,53,81,99
val/00004624.jpg,87,15,2,95,75
val/00004625.jpg,43,79,24,76,52
val/00004626.jpg,53,72,81,50,68
val/00004627.jpg,93,4,55,35,49
val/00004628.jpg,79,92,77,55,29
val/00004629.jpg,1,63,90,41,48
val/00004630.jpg,85,39,42,1,72
val/00004631.jpg,82,31,47,99,76
val/00004632.jpg,57,4,68,35,19
val/00004633.jpg,33,7,38,78,14
val/00004634.jpg,47,72,73,50,65
val/00004635.jpg,9,2,0,80,29
val/00004636.jpg,90,64,60,1,39
val/00004637.jpg,21,77,12,30,99
val/00004638.jpg,22,60,33,69,1
val/00004639.jpg,47,26,65,91,7
val/00004640.jpg,2,0,71,67,5
val/00004641.jpg,31,78,37,27,14
val/00004642.jpg,1,25,13,38,90
val/00004643.jpg,49,93,39,55,79
val/00004644.jpg,86,52,65,39,72
val/00004645.jpg,41,0,89,42,5
val/00004646.jpg,43,49,99,79,42
val/00004647.jpg,9,96,98,55,2
val/00004648.jpg,22,1,72,7,48
val/00004649.jpg,91,20,28,26,10
val/00004650.jpg,67,32,48,78,69
val/00004651.jpg,2,89,56,8,39
val/00004652.jpg,63,13,11,69,6
val/00004653.jpg,1,63,69,7,90
val/00004654.jpg,3,67,52,49,94
val/00004655.jpg,17,18,37,54,69
val/00004656.jpg,46,99,82,31,24
val/00004657.jpg,27,99,30,65,74
val/00004658.jpg,67,94,32,49,71
val/00004659.jpg,92,77,12,27,79
val/00004660.jpg,20,34,28,91,37
val/00004661.jpg,45,62,63,38,70
val/00004662.jpg,14,8,88,64,70
val/00004663.jpg,89,90,76,24,1
val/00004664.jpg,69,89,94,71,6
val/00004665.jpg,41,90,89,64,63
val/00004666.jpg,13,78,45,33,38
val/00004667.jpg,55,46,93,49,99
val/00004668.jpg,95,87,2,74,75
val/00004669.jpg,51,97,40,68,79
val/00004670.jpg,3,84,68,56,24
val/00004671.jpg,2,71,5,42,39
val/00004672.jpg,55,97,68,77,79
val/00004673.jpg,25,41,1,54,69
val/00004674.jpg,85,39,3,24,52
val/00004675.jpg,60,91,34,7,10
val/00004676.jpg,97,79,43,92,24
val/00004677.jpg,46,99,31,47,32
val/00004678.jpg,17,70,64,54,38
val/00004679.jpg,77,80,82,29,21
val/00004680.jpg,6,69,17,34,16
val/00004681.jpg,69,79,92,77,94
val/00004682.jpg,54,13,7,17,33
val/00004683.jpg,38,70,33,45,62
val/00004684.jpg,44,35,61,18,79
val/00004685.jpg,30,49,21,99,32
val/00004686.jpg,12,92,77,40,21
val/00004687.jpg,45,70,38,62,33
val/00004688.jpg,35,43,52,24,53
val/00004689.jpg,11,63,41,69,13
val/00004690.jpg,89,50,60,69,7
val/00004691.jpg,99,82,31,46,32
val/00004692.jpg,80,29,5,9,94
val/00004693.jpg,58,33,70,62,20
val/00004694.jpg,36,7,39,69,86
val/00004695.jpg,51,93,74,27,15
val/00004696.jpg,78,37,62,70,63
val/00004697.jpg,57,4,55,35,79
val/00004698.jpg,89,69,41,24,90
val/00004699.jpg,64,34,20,66,26
val/00004700.jpg,85,39,0,71,32
val/00004701.jpg,65,99,42,30,91
val/00004702.jpg,86,74,49,3,29
val/00004703.jpg,11,13,22,8,66
val/00004704.jpg,35,98,57,44,68
val/00004705.jpg,35,79,57,52,19
val/00004706.jpg,37,26,17,78,10
val/00004707.jpg,27,99,51,75,82
val/00004708.jpg,73,50,82,74,61
val/00004709.jpg,89,69,34,66,23
val/00004710.jpg,96,9,2,39,5
val/00004711.jpg,31,46,82,99,27
val/00004712.jpg,10,54,58,78,48
val/00004713.jpg,2,71,0,67,5
val/00004714.jpg,7,34,26,17,65
val/00004715.jpg,24,61,35,30,5
val/00004716.jpg,91,65,28,10,13
val/00004717.jpg,6,69,63,34,11
val/00004718.jpg,16,83,18,59,54
val/00004719.jpg,69,37,33,6,20
val/00004720.jpg,92,77,12,96,21
val/00004721.jpg,96,86,34,30,39
val/00004722.jpg,33,58,70,48,37
val/00004723.jpg,94,67,71,32,49
val/00004724.jpg,57,35,19,79,52
val/00004725.jpg,61,32,35,67,24
val/00004726.jpg,31,93,42,94,82
val/00004727.jpg,35,55,57,98,79
val/00004728.jpg,96,99,21,30,51
val/00004729.jpg,49,71,67,42,94
val/00004730.jpg,50,53,72,37,24
val/00004731.jpg,66,23,17,37,14
val/00004732.jpg,29,97,68,80,35
val/00004733.jpg,6,69,34,17,63
val/00004734.jpg,12,77,92,21,40
val/00004735.jpg,17,6,34,54,70
val/00004736.jpg,12,77,21,92,40
val/00004737.jpg,54,16,18,83,60
val/00004738.jpg,75,87,2,15,30
val/00004739.jpg,29,68,97,98,55
val/00004740.jpg,10,37,28,26,48
val/00004741.jpg,39,50,52,76,81
val/00004742.jpg,92,40,99,51,77
val/00004743.jpg,91,28,48,65,10
val/00004744.jpg,32,67,61,0,71
val/00004745.jpg,10,91,28,48,20
val/00004746.jpg,42,71,0,32,67
val/00004747.jpg,36,5,24,0,89
val/00004748.jpg,31,82,99,76,24
val/00004749.jpg,90,1,73,34,86
val/00004750.jpg,34,17,20,65,37
val/00004751.jpg,54,66,83,70,17
val/00004752.jpg,55,98,29,79,9
val/00004753.jpg,85,52,19,39,24
val/00004754.jpg,89,69,18,62,63
val/00004755.jpg,11,22,69,58,88
val/00004756.jpg,88,8,11,23,66
val/00004757.jpg,81,36,19,27,72
val/00004758.jpg,62,18,70,17,38
val/00004759.jpg,84,56,65,72,3
val/00004760.jpg,87,15,95,75,2
val/00004761.jpg,90,14,41,22,25
val/00004762.jpg,91,28,10,20,26
val/00004763.jpg,81,72,57,19,39
val/00004764.jpg,4,10,55,79,92
val/00004765.jpg,24,79,35,19,52
val/00004766.jpg,9,29,97,44,2
val/00004767.jpg,92,77,97,79,68
val/00004768.jpg,56,66,60,54,33
val/00004769.jpg,54,70,64,17,60
val/00004770.jpg,27,46,99,77,31
val/00004771.jpg,13,11,38,33,8
val/00004772.jpg,77,97,68,92,12
val/00004773.jpg,41,64,90,63,89
val/00004774.jpg,72,95,2,75,49
val/00004775.jpg,83,16,60,54,64
val/00004776.jpg,96,89,43,5,85
val/00004777.jpg,43,26,73,49,82
val/00004778.jpg,17,14,37,70,34
val/00004779.jpg,93,31,42,49,19
val/00004780.jpg,47,72,50,7,23
val/00004781.jpg,49,3,99,73,50
val/00004782.jpg,18,62,45,16,38
val/00004783.jpg,17,20,23,37,66
val/00004784.jpg,64,7,25,34,60
val/00004785.jpg,4,57,98,35,55
val/00004786.jpg,7,20,64,34,17
val/00004787.jpg,90,41,25,1,22
val/00004788.jpg,58,33,70,10,17
val/00004789.jpg,25,1,7,69,41
val/00004790.jpg,31,99,46,82,2
val/00004791.jpg,42,89,32,71,0
val/00004792.jpg,4,77,55,79,92
val/00004793.jpg,41,0,42,63,5
val/00004794.jpg,42,71,99,39,46
val/00004795.jpg,93,55,35,51,27
val/00004796.jpg,20,91,28,34,10
val/00004797.jpg,76,19,52,39,61
val/00004798.jpg,13,11,78,38,8
val/00004799.jpg,94,67,71,31,42
val/00004800.jpg,12,77,92,21,40
val/00004801.jpg,20,39,91,85,10
val/00004802.jpg,5,0,71,42,30
val/00004803.jpg,35,55,79,4,57
val/00004804.jpg,50,72,47,90,25
val/00004805.jpg,74,99,27,25,65
val/00004806.jpg,29,9,67,86,68
val/00004807.jpg,87,15,95,2,75
val/00004808.jpg,23,66,95,8,88
val/00004809.jpg,79,42,92,99,43
val/00004810.jpg,66,23,14,8,11
val/00004811.jpg,5,24,0,79,43
val/00004812.jpg,45,62,18,59,63
val/00004813.jpg,19,89,35,61,83
val/00004814.jpg,43,79,52,55,85
val/00004815.jpg,34,91,10,7,20
val/00004816.jpg,81,75,72,57,19
val/00004817.jpg,27,12,77,46,74
val/00004818.jpg,63,78,17,25,62
val/00004819.jpg,11,88,66,8,49
val/00004820.jpg,34,6,26,28,10
val/00004821.jpg,44,16,83,57,40
val/00004822.jpg,25,1,90,69,7
val/00004823.jpg,19,52,39,24,43
val/00004824.jpg,30,72,49,92,99
val/00004825.jpg,86,99,42,65,46
val/00004826.jpg,31,99,82,67,32
val/00004827.jpg,87,15,2,95,8
val/00004828.jpg,34,17,48,37,20
val/00004829.jpg,90,41,64,1,60
val/00004830.jpg,13,38,78,14,11
val/00004831.jpg,89,69,18,6,37
val/00004832.jpg,35,52,79,57,24
val/00004833.jpg,76,53,74,24,81
val/00004834.jpg,39,86,76,49,42
val/00004835.jpg,45,18,62,89,63
val/00004836.jpg,46,43,89,49,72
val/00004837.jpg,46,99,30,43,55
val/00004838.jpg,29,68,97,80,31
val/00004839.jpg,99,46,42,32,71
val/00004840.jpg,29,80,21,79,43
val/00004841.jpg,59,45,70,62,16
val/00004842.jpg,25,1,7,50,36
val/00004843.jpg,32,0,71,67,42
val/00004844.jpg,71,0,42,32,67
val/00004845.jpg,21,99,77,51,4
val/00004846.jpg,33,54,66,70,38
val/00004847.jpg,63,69,41,42,11
val/00004848.jpg,53,24,76,81,39
val/00004849.jpg,15,95,87,23,88
val/00004850.jpg,81,75,72,53,27
val/00004851.jpg,61,35,52,19,32
val/00004852.jpg,33,70,38,78,58
val/00004853.jpg,85,71,39,3,49
val/00004854.jpg,89,76,24,90,2
val/00004855.jpg,82,31,27,99,46
val/00004856.jpg,55,98,97,35,68
val/00004857.jpg,64,47,23,66,87
val/00004858.jpg,50,26,10,37,47
val/00004859.jpg,16,83,63,6,69
val/00004860.jpg,26,10,9,29,80
val/00004861.jpg,39,42,71,47,67
val/00004862.jpg,64,34,86,26,47
val/00004863.jpg,16,59,70,83,54
val/00004864.jpg,39,96,86,76,19
val/00004865.jpg,72,53,50,46,39
val/00004866.jpg,58,28,33,3,74
val/00004867.jpg,95,87,75,72,2
val/00004868.jpg,4,21,77,99,65
val/00004869.jpg,48,1,37,91,34
val/00004870.jpg,44,35,98,68,97
val/00004871.jpg,59,70,45,62,54
val/00004872.jpg,27,68,98,97,31
val/00004873.jpg,78,48,14,37,65
val/00004874.jpg,47,72,50,76,7
val/00004875.jpg,14,37,34,20,17
val/00004876.jpg,5,0,2,71,24
val/00004877.jpg,8,88,38,64,23
val/00004878.jpg,8,38,88,11,13
val/00004879.jpg,33,38,58,70,78
val/00004880.jpg,50,60,73,59,47
val/00004881.jpg,28,91,65,10,34
val/00004882.jpg,33,70,22,58,60
val/00004883.jpg,24,79,52,39,76
val/00004884.jpg,6,10,34,94,69
val/00004885.jpg,96,55,86,29,79
val/00004886.jpg,16,83,18,40,44
val/00004887.jpg,74,51,15,75,95
val/00004888.jpg,64,41,63,22,38
val/00004889.jpg,54,17,26,33,70
val/00004890.jpg,88,8,11,14,13
val/00004891.jpg,95,74,87,75,15
val/00004892.jpg,16,83,18,62,54
val/00004893.jpg,83,16,89,64,6
val/00004894.jpg,62,18,45,59,78
val/00004895.jpg,49,39,24,56,71
val/00004896.jpg,15,87,51,81,95
val/00004897.jpg,58,33,62,45,13
val/00004898.jpg,32,99,0,67,31
val/00004899.jpg,38,70,33,8,69
val/00004900.jpg,33,58,48,37,70
val/00004901.jpg,13,78,45,11,48
val/00004902.jpg,69,88,6,34,86
val/00004903.jpg,21,77,91,65,99
val/00004904.jpg,84,56,46,74,72
val/00004905.jpg,63,17,45,37,78
val/00004906.jpg,45,17,78,38,62
val/00004907.jpg,4,57,69,88,98
val/00004908.jpg,70,17,60,59,63
val/00004909.jpg,85,39,52,24,71
val/00004910.jpg,95,15,87,74,75
val/00004911.jpg,57,4,68,35,98
val/00004912.jpg,54,17,16,58,83
val/00004913.jpg,27,74,24,3,5
val/00004914.jpg,29,27,80,86,97
val/00004915.jpg,22,56,72,27,53
val/00004916.jpg,54,17,70,60,66
val/00004917.jpg,70,63,62,37,17
val/00004918.jpg,6,17,83,34,69
val/00004919.jpg,41,83,64,16,63
val/00004920.jpg,13,78,45,63,38
val/00004921.jpg,67,71,0,32,42
val/00004922.jpg,18,62,45,16,78
val/00004923.jpg,4,93,57,55,98
val/00004924.jpg,64,73,83,90,41
val/00004925.jpg,30,21,49,32,99
val/00004926.jpg,23,66,88,17,69
val/00004927.jpg,4,88,80,8,69
val/00004928.jpg,35,61,79,68,97
val/00004929.jpg,56,11,66,49,1
val/00004930.jpg,22,14,8,90,56
val/00004931.jpg,51,74,99,40,75
val/00004932.jpg,34,26,28,91,20
val/00004933.jpg,10,78,48,28,13
val/00004934.jpg,6,34,64,66,17
val/00004935.jpg,83,16,64,60,54
val/00004936.jpg,89,19,90,39,25
val/00004937.jpg,31,82,99,42,46
val/00004938.jpg,85,12,89,24,3
val/00004939.jpg,17,6,34,75,69
val/00004940.jpg,58,33,74,54,64
val/00004941.jpg,1,50,72,25,73
val/00004942.jpg,3,85,84,39,68
val/00004943.jpg,2,9,44,97,29
val/00004944.jpg,1,63,69,37,7
val/00004945.jpg,75,87,51,15,30
val/00004946.jpg,83,16,64,59,60
val/00004947.jpg,48,78,17,37,14
val/00004948.jpg,74,3,84,76,39
val/00004949.jpg,70,8,23,88,14
val/00004950.jpg,32,0,71,67,42
val/00004951.jpg,77,12,21,40,99
val/00004952.jpg,20,7,34,91,26
val/00004953.jpg,59,16,83,18,60
val/00004954.jpg,95,15,87,66,74
val/00004955.jpg,4,98,55,69,10
val/00004956.jpg,12,77,92,21,30
val/00004957.jpg,56,42,2,13,49
val/00004958.jpg,75,87,95,27,15
val/00004959.jpg,17,37,10,70,59
val/00004960.jpg,3,65,74,28,21
val/00004961.jpg,58,33,28,10,20
val/00004962.jpg,25,1,7,64,54
val/00004963.jpg,58,38,33,13,48
val/00004964.jpg,4,55,98,80,96
val/00004965.jpg,8,88,64,14,38
val/00004966.jpg,40,4,17,86,58
val/00004967.jpg,66,64,11,6,56
val/00004968.jpg,35,9,52,97,55
val/00004969.jpg,81,50,61,31,75
val/00004970.jpg,30,27,99,82,21
val/00004971.jpg,2,71,42,67,32
val/00004972.jpg,93,3,49,55,74
val/00004973.jpg,20,64,88,14,8
val/00004974.jpg,19,1,7,24,89
val/00004975.jpg,57,35,52,19,79
val/00004976.jpg,62,63,18,45,69
val/00004977.jpg,3,88,69,28,85
val/00004978.jpg,54,70,58,17,33
val/00004979.jpg,80,29,9,44,97
val/00004980.jpg,90,60,69,89,7
val/00004981.jpg,32,67,31,71,42
val/00004982.jpg,26,91,10,28,20
val/00004983.jpg,94,67,49,71,86
val/00004984.jpg,43,80,44,5,9
val/00004985.jpg,16,83,60,54,64
val/00004986.jpg,87,15,51,75,95
val/00004987.jpg,46,31,99,42,82
val/00004988.jpg,4,77,92,21,12
val/00004989.jpg,38,45,78,13,33
val/00004990.jpg,48,14,78,37,20
val/00004991.jpg,1,90,48,63,91
val/00004992.jpg,45,78,38,13,33
val/00004993.jpg,38,8,13,78,22
val/00004994.jpg,0,94,5,67,32
val/00004995.jpg,98,68,97,29,55
val/00004996.jpg,51,97,40,9,53
val/00004997.jpg,96,55,9,29,98
val/00004998.jpg,30,49,55,32,94
val/00004999.jpg,68,29,98,9,97
val/00005000.jpg,20,82,37,4,31
val/00005001.jpg,10,48,28,37,26
val/00005002.jpg,19,43,81,52,24
val/00005003.jpg,95,87,15,66,75
val/00005004.jpg,97,68,79,43,5
val/00005005.jpg,31,99,21,42,49
val/00005006.jpg,16,83,59,60,54
val/00005007.jpg,58,91,33,20,48
val/00005008.jpg,57,19,81,52,61
val/00005009.jpg,70,38,33,62,37
val/00005010.jpg,91,20,28,7,10
val/00005011.jpg,70,17,37,62,54
val/00005012.jpg,73,47,50,20,34
val/00005013.jpg,11,13,33,48,78
val/00005014.jpg,31,42,46,41,63
val/00005015.jpg,19,7,10,20,52
val/00005016.jpg,86,94,67,82,73
val/00005017.jpg,54,18,16,17,83
val/00005018.jpg,79,92,55,97,43
val/00005019.jpg,69,63,89,8,83
val/00005020.jpg,31,82,94,99,42
val/00005021.jpg,32,67,99,0,71
val/00005022.jpg,98,68,57,35,97
val/00005023.jpg,69,22,38,63,17
val/00005024.jpg,60,6,83,34,64
val/00005025.jpg,31,82,84,32,99
val/00005026.jpg,85,39,72,87,47
val/00005027.jpg,82,31,99,27,30
val/00005028.jpg,45,89,20,62,63
val/00005029.jpg,96,92,77,79,76
val/00005030.jpg,0,85,32,71,67
val/00005031.jpg,86,42,39,0,2
val/00005032.jpg,55,35,83,44,79
val/00005033.jpg,54,7,58,17,70
val/00005034.jpg,91,26,65,99,30
val/00005035.jpg,1,25,90,69,41
val/00005036.jpg,7,54,33,70,60
val/00005037.jpg,71,67,94,32,31
val/00005038.jpg,84,56,3,66,6
val/00005039.jpg,82,99,31,42,86
val/00005040.jpg,45,78,59,37,62
val/00005041.jpg,77,21,92,99,30
val/00005042.jpg,32,67,0,71,85
val/00005043.jpg,58,28,33,74,10
val/00005044.jpg,67,71,32,0,85
val/00005045.jpg,75,95,15,87,74
val/00005046.jpg,57,49,84,83,55
val/00005047.jpg,34,86,14,88,69
val/00005048.jpg,99,27,77,21,30
val/00005049.jpg,33,13,58,38,45
val/00005050.jpg,31,68,80,67,21
val/00005051.jpg,29,68,97,77,98
val/00005052.jpg,13,56,69,88,94
val/00005053.jpg,59,16,60,83,70
val/00005054.jpg,8,71,63,69,89
val/00005055.jpg,87,21,15,75,65
val/00005056.jpg,68,98,97,29,35
val/00005057.jpg,63,62,78,69,8
val/00005058.jpg,60,69,34,42,71
val/00005059.jpg,16,83,18,54,62
val/00005060.jpg,11,88,8,22,14
val/00005061.jpg,90,73,82,76,30
val/00005062.jpg,30,99,21,32,94
val/00005063.jpg,61,35,52,85,24
val/00005064.jpg,42,86,78,37,59
val/00005065.jpg,42,46,99,31,82
val/00005066.jpg,51,53,27,97,75
val/00005067.jpg,32,0,67,61,71
val/00005068.jpg,97,9,29,68,21
val/00005069.jpg,55,51,99,79,30
val/00005070.jpg,59,54,7,62,70
val/00005071.jpg,26,91,28,65,10
val/00005072.jpg,55,98,79,92,35
val/00005073.jpg,28,26,34,65,10
val/00005074.jpg,51,21,15,97,77
val/00005075.jpg,15,87,74,95,56
val/00005076.jpg,78,37,63,45,48
val/00005077.jpg,91,28,65,21,94
val/00005078.jpg,42,31,99,71,93
val/00005079.jpg,30,42,99,49,32
val/00005080.jpg,88,3,98,94,21
val/00005081.jpg,14,48,1,7,78
val/00005082.jpg,98,68,97,27,31
val/00005083.jpg,54,33,69,26,17
val/00005084.jpg,58,33,86,54,65
val/00005085.jpg,60,54,64,59,70
val/00005086.jpg,88,8,11,13,69
val/00005087.jpg,66,95,33,23,15
val/00005088.jpg,15,87,95,51,75
val/00005089.jpg,26,34,30,86,88
val/00005090.jpg,0,32,71,67,42
val/00005091.jpg,95,74,87,23,19
val/00005092.jpg,47,46,99,31,82
val/00005093.jpg,31,94,67,71,68
val/00005094.jpg,80,29,44,97,9
val/00005095.jpg,90,60,1,64,6
val/00005096.jpg,22,48,1,91,58
val/00005097.jpg,65,91,28,26,10
val/00005098.jpg,26,78,65,48,10
val/00005099.jpg,69,52,19,4,7
val/00005100.jpg,40,92,51,21,77
val/00005101.jpg,93,19,52,79,55
val/00005102.jpg,83,16,60,59,54
val/00005103.jpg,97,68,77,92,99
val/00005104.jpg,33,88,38,8,70
val/00005105.jpg,68,97,29,98,9
val/00005106.jpg,56,84,67,74,49
val/00005107.jpg,87,15,95,75,2
val/00005108.jpg,95,66,87,74,93
val/00005109.jpg,39,52,19,76,72
val/00005110.jpg,58,21,28,65,91
val/00005111.jpg,36,7,34,37,26
val/00005112.jpg,35,79,61,97,68
val/00005113.jpg,7,37,69,14,1
val/00005114.jpg,71,0,32,42,67
val/00005115.jpg,4,54,77,55,18
val/00005116.jpg,82,31,99,30,32
val/00005117.jpg,26,65,10,28,91
val/00005118.jpg,61,35,32,67,52
val/00005119.jpg,69,89,6,0,83
val/00005120.jpg,41,64,90,1,69
val/00005121.jpg,7,39,1,20,90
val/00005122.jpg,16,18,62,70,83
val/00005123.jpg,33,58,72,3,19
val/00005124.jpg,47,32,31,82,39
val/00005125.jpg,15,87,51,66,75
val/00005126.jpg,80,29,44,9,97
val/00005127.jpg,5,80,0,24,42
val/00005128.jpg,73,50,47,69,7
val/00005129.jpg,98,68,97,57,84
val/00005130.jpg,58,28,34,91,20
val/00005131.jpg,4,93,55,69,49
val/00005132.jpg,53,9,72,96,2
val/00005133.jpg,87,15,1,49,85
val/00005134.jpg,28,10,58,14,22
val/00005135.jpg,99,31,93,27,82
val/00005136.jpg,18,62,54,16,45
val/00005137.jpg,75,87,51,81,15
val/00005138.jpg,56,66,72,8,95
val/00005139.jpg,83,6,34,17,64
val/00005140.jpg,29,9,80,97,68
val/00005141.jpg,32,67,0,71,42
val/00005142.jpg,39,82,24,74,31
val/00005143.jpg,51,97,40,27,81
val/00005144.jpg,77,27,96,12,92
val/00005145.jpg,11,14,69,88,22
val/00005146.jpg,1,63,42,39,48
val/00005147.jpg,86,44,11,40,17
val/00005148.jpg,45,78,37,14,62
val/00005149.jpg,72,78,50,1,31
val/00005150.jpg,84,57,19,52,68
val/00005151.jpg,56,88,71,94,8
val/00005152.jpg,40,68,98,57,97
val/00005153.jpg,90,89,23,69,1
val/00005154.jpg,42,67,32,0,71
val/00005155.jpg,57,81,4,19,35
val/00005156.jpg,9,29,96,97,86
val/00005157.jpg,43,24,79,52,82
val/00005158.jpg,85,34,39,3,19
val/00005159.jpg,41,89,42,69,63
val/00005160.jpg,82,86,73,39,99
val/00005161.jpg,87,75,51,15,66
val/00005162.jpg,35,55,80,79,61
val/00005163.jpg,77,92,12,97,21
val/00005164.jpg,2,30,39,71,0
val/00005165.jpg,83,16,54,18,17
val/00005166.jpg,80,29,4,24,5
val/00005167.jpg,10,28,26,78,37
val/00005168.jpg,96,39,44,9,86
val/00005169.jpg,25,37,70,45,63
val/00005170.jpg,15,87,81,95,51
val/00005171.jpg,10,28,91,26,65
val/00005172.jpg,53,81,97,68,72
val/00005173.jpg,45,59,78,38,62
val/00005174.jpg,13,38,93,18,33
val/00005175.jpg,13,63,78,11,45
val/00005176.jpg,86,3,24,76,74
val/00005177.jpg,92,77,79,55,21
val/00005178.jpg,17,70,37,66,25
val/00005179.jpg,62,45,18,63,6
val/00005180.jpg,48,1,91,69,28
val/00005181.jpg,63,45,62,78,37
val/00005182.jpg,80,29,9,5,27
val/00005183.jpg,41,89,64,63,18
val/00005184.jpg,80,5,68,0,24
val/00005185.jpg,18,62,16,45,17
val/00005186.jpg,90,1,60,83,37
val/00005187.jpg,54,64,33,70,38
val/00005188.jpg,18,16,83,62,54
val/00005189.jpg,4,93,58,54,55
val/00005190.jpg,6,17,69,23,70
val/00005191.jpg,91,48,1,7,28
val/00005192.jpg,98,68,97,77,21
val/00005193.jpg,49,88,30,85,71
val/00005194.jpg,66,23,64,48,22
val/00005195.jpg,77,92,79,12,21
val/00005196.jpg,23,66,95,64,47
val/00005197.jpg,19,49,39,57,52
val/00005198.jpg,68,29,97,98,35
val/00005199.jpg,83,16,18,64,6
val/00005200.jpg,97,68,77,79,98
val/00005201.jpg,17,37,54,78,14
val/00005202.jpg,42,99,82,63,89
val/00005203.jpg,15,51,81,35,74
val/00005204.jpg,20,89,28,69,91
val/00005205.jpg,8,38,64,88,33
val/00005206.jpg,84,68,98,57,97
val/00005207.jpg,77,21,99,12,40
val/00005208.jpg,49,69,24,92,4
val/00005209.jpg,8,88,38,78,63
val/00005210.jpg,93,49,74,3,69
val/00005211.jpg,99,46,42,31,82
val/00005212.jpg,46,99,32,31,47
val/00005213.jpg,52,57,19,35,68
val/00005214.jpg,84,68,56,3,97
val/00005215.jpg,92,79,27,77,97
val/00005216.jpg,96,39,86,27,30
val/00005217.jpg,58,3,91,28,74
val/00005218.jpg,46,47,99,31,42
val/00005219.jpg,45,62,78,63,38
val/00005220.jpg,19,1,81,52,22
val/00005221.jpg,80,29,44,9,35
val/00005222.jpg,16,83,59,70,60
val/00005223.jpg,91,28,20,10,26
val/00005224.jpg,81,76,75,27,19
val/00005225.jpg,40,97,92,68,77
val/00005226.jpg,79,92,49,55,30
val/00005227.jpg,82,99,86,39,31
val/00005228.jpg,60,34,6,26,91
val/00005229.jpg,7,36,91,14,20
val/00005230.jpg,80,29,69,4,41
val/00005231.jpg,45,89,63,62,74
val/00005232.jpg,55,98,93,35,96
val/00005233.jpg,4,49,55,93,98
val/00005234.jpg,30,49,99,21,79
val/00005235.jpg,9,29,97,2,80
val/00005236.jpg,71,67,2,0,32
val/00005237.jpg,67,94,71,32,30
val/00005238.jpg,74,3,51,24,79
val/00005239.jpg,2,44,9,76,79
val/00005240.jpg,91,28,10,48,66
val/00005241.jpg,49,79,53,72,55
val/00005242.jpg,3,74,21,39,24
val/00005243.jpg,85,52,79,24,61
val/00005244.jpg,93,4,49,55,19
val/00005245.jpg,64,41,90,60,6
val/00005246.jpg,51,87,15,95,75
val/00005247.jpg,53,79,24,92,35
val/00005248.jpg,52,19,61,35,79
val/00005249.jpg,24,79,52,61,35
val/00005250.jpg,63,42,69,50,72
val/00005251.jpg,34,26,91,6,28
val/00005252.jpg,40,0,61,85,30
val/00005253.jpg,30,46,99,27,82
val/00005254.jpg,0,71,42,32,67
val/00005255.jpg,13,1,63,8,48
val/00005256.jpg,52,57,19,79,61
val/00005257.jpg,48,33,78,17,14
val/00005258.jpg,92,79,77,21,55
val/00005259.jpg,54,70,17,7,60
val/00005260.jpg,88,66,3,74,56
val/00005261.jpg,14,37,78,20,10
val/00005262.jpg,23,17,69,37,26
val/00005263.jpg,85,39,49,71,86
val/00005264.jpg,9,43,97,29,5
val/00005265.jpg,26,65,28,10,91
val/00005266.jpg,51,30,46,99,61
val/00005267.jpg,41,63,11,64,69
val/00005268.jpg,36,7,19,69,39
val/00005269.jpg,58,33,28,91,20
val/00005270.jpg,96,55,9,97,92
val/00005271.jpg,10,91,28,26,48
val/00005272.jpg,10,28,91,26,48
val/00005273.jpg,34,20,60,26,64
val/00005274.jpg,32,71,0,67,42
val/00005275.jpg,37,16,17,18,54
val/00005276.jpg,45,59,62,70,37
val/00005277.jpg,99,46,31,21,32
val/00005278.jpg,73,99,82,46,21
val/00005279.jpg,32,67,71,0,42
val/00005280.jpg,32,0,67,71,61
val/00005281.jpg,42,71,32,46,67
val/00005282.jpg,26,66,23,91,20
val/00005283.jpg,23,66,1,48,37
val/00005284.jpg,1,63,90,7,50
val/00005285.jpg,52,19,79,7,92
val/00005286.jpg,19,3,74,95,39
val/00005287.jpg,74,3,30,73,87
val/00005288.jpg,88,8,3,11,14
val/00005289.jpg,69,26,6,63,11
val/00005290.jpg,47,72,31,76,50
val/00005291.jpg,38,66,64,70,33
val/00005292.jpg,54,60,16,83,18
val/00005293.jpg,88,14,8,7,64
val/00005294.jpg,50,42,46,73,74
val/00005295.jpg,52,19,35,79,61
val/00005296.jpg,47,72,90,50,7
val/00005297.jpg,28,10,91,65,26
val/00005298.jpg,40,51,97,68,98
val/00005299.jpg,56,84,94,67,49
val/00005300.jpg,28,91,10,48,65
val/00005301.jpg,54,70,62,18,33
val/00005302.jpg,96,43,39,86,76
val/00005303.jpg,22,72,90,1,69
val/00005304.jpg,18,54,16,70,38
val/00005305.jpg,71,24,49,56,94
val/00005306.jpg,40,97,68,98,35
val/00005307.jpg,46,42,99,82,41
val/00005308.jpg,53,72,46,50,47
val/00005309.jpg,26,10,91,28,65
val/00005310.jpg,40,98,35,68,97
val/00005311.jpg,48,1,63,33,70
val/00005312.jpg,72,47,74,46,87
val/00005313.jpg,9,29,96,86,98
val/00005314.jpg,4,80,57,49,55
val/00005315.jpg,21,46,99,53,72
val/00005316.jpg,13,45,78,38,11
val/00005317.jpg,71,0,67,32,42
val/00005318.jpg,42,46,49,39,86
val/00005319.jpg,96,12,86,40,77
val/00005320.jpg,77,21,12,92,5
val/00005321.jpg,18,6,70,69,17
val/00005322.jpg,11,64,88,34,14
val/00005323.jpg,7,69,39,91,20
val/00005324.jpg,19,7,60,54,50
val/00005325.jpg,21,77,99,4,40
val/00005326.jpg,17,37,64,33,48
val/00005327.jpg,30,32,0,67,42
val/00005328.jpg,95,87,15,74,2
val/00005329.jpg,3,91,65,74,48
val/00005330.jpg,37,78,48,14,34
val/00005331.jpg,32,67,61,0,71
val/00005332.jpg,98,68,29,97,9
val/00005333.jpg,59,70,16,45,62
val/00005334.jpg,17,70,62,37,63
val/00005335.jpg,17,40,88,11,34
val/00005336.jpg,96,39,86,27,76
val/00005337.jpg,82,30,94,31,76
val/00005338.jpg,62,18,54,70,16
val/00005339.jpg,92,79,21,77,30
val/00005340.jpg,55,49,79,77,29
val/00005341.jpg,66,64,63,70,47
val/00005342.jpg,70,37,16,59,62
val/00005343.jpg,84,68,97,57,98
val/00005344.jpg,48,91,10,34,28
val/00005345.jpg,89,42,24,46,69
val/00005346.jpg,17,66,13,37,14
val/00005347.jpg,40,3,21,99,74
val/00005348.jpg,23,66,88,15,64
val/00005349.jpg,11,56,66,22,88
val/00005350.jpg,73,82,83,90,41
val/00005351.jpg,38,33,13,8,11
val/00005352.jpg,82,31,99,27,46
val/00005353.jpg,91,65,10,28,4
val/00005354.jpg,15,66,51,87,21
val/00005355.jpg,81,72,53,44,50
val/00005356.jpg,94,67,42,86,49
val/00005357.jpg,13,33,58,38,78
val/00005358.jpg,12,77,92,21,27
val/00005359.jpg,7,36,19,69,54
val/00005360.jpg,64,66,22,69,88
val/00005361.jpg,6,69,10,60,89
val/00005362.jpg,45,62,63,38,18
val/00005363.jpg,28,58,10,91,3
val/00005364.jpg,71,72,49,42,67
val/00005365.jpg,95,29,87,2,8
val/00005366.jpg,44,9,97,98,55
val/00005367.jpg,48,78,37,10,17
val/00005368.jpg,37,78,69,74,20
val/00005369.jpg,30,99,75,74,82
val/00005370.jpg,98,68,97,29,35
val/00005371.jpg,7,69,91,39,3
val/00005372.jpg,51,87,15,75,95
val/00005373.jpg,3,39,89,94,71
val/00005374.jpg,34,94,3,69,88
val/00005375.jpg,18,16,83,54,62
val/00005376.jpg,3,24,53,76,77
val/00005377.jpg,67,93,35,31,71
val/00005378.jpg,91,65,28,26,48
val/00005379.jpg,21,94,77,67,29
val/00005380.jpg,77,21,40,12,92
val/00005381.jpg,59,70,45,54,62
val/00005382.jpg,40,21,77,12,99
val/00005383.jpg,83,16,64,18,54
val/00005384.jpg,58,22,33,54,60
val/00005385.jpg,60,64,54,70,16
val/00005386.jpg,42,99,32,3,67
val/00005387.jpg,9,29,2,97,80
val/00005388.jpg,14,37,70,17,78
val/00005389.jpg,23,95,75,66,87
val/00005390.jpg,23,66,95,15,26
val/00005391.jpg,71,67,0,94,32
val/00005392.jpg,61,50,53,47,73
val/00005393.jpg,89,69,19,18,24
val/00005394.jpg,73,82,47,32,50
val/00005395.jpg,74,27,86,78,14
val/00005396.jpg,80,44,29,9,97
val/00005397.jpg,81,40,44,53,72
val/00005398.jpg,35,44,61,81,57
val/00005399.jpg,54,18,83,16,89
val/00005400.jpg,23,66,17,54,74
val/00005401.jpg,63,11,69,6,13
val/00005402.jpg,38,45,33,70,78
val/00005403.jpg,7,39,86,54,69
val/00005404.jpg,55,98,79,35,68
val/00005405.jpg,49,67,71,32,94
val/00005406.jpg,21,77,91,65,40
val/00005407.jpg,99,39,74,86,46
val/00005408.jpg,90,41,76,1,7
val/00005409.jpg,4,98,55,57,68
val/00005410.jpg,23,64,88,66,69
val/00005411.jpg,31,82,99,27,42
val/00005412.jpg,99,31,82,46,51
val/00005413.jpg,12,77,92,21,30
val/00005414.jpg,12,21,77,46,99
val/00005415.jpg,75,40,30,21,77
val/00005416.jpg,9,44,55,98,97
val/00005417.jpg,93,27,74,55,99
val/00005418.jpg,34,69,89,6,63
val/00005419.jpg,71,42,32,0,47
val/00005420.jpg,94,67,71,49,3
val/00005421.jpg,80,29,97,9,44
val/00005422.jpg,13,78,48,54,33
val/00005423.jpg,38,33,70,63,1
val/00005424.jpg,84,68,29,98,27
val/00005425.jpg,31,82,27,68,97
val/00005426.jpg,93,31,42,99,55
val/00005427.jpg,99,46,21,42,93
val/00005428.jpg,52,79,61,35,24
val/00005429.jpg,90,74,23,86,76
val/00005430.jpg,15,51,27,99,72
val/00005431.jpg,85,36,1,39,69
val/00005432.jpg,99,42,30,74,49
val/00005433.jpg,82,99,46,31,27
val/00005434.jpg,33,58,38,70,48
val/00005435.jpg,28,91,58,20,65
val/00005436.jpg,38,70,33,17,54
val/00005437.jpg,72,50,47,53,19
val/00005438.jpg,89,69,39,94,63
val/00005439.jpg,22,1,63,90,38
val/00005440.jpg,92,77,79,97,68
val/00005441.jpg,75,87,30,15,72
val/00005442.jpg,57,52,61,35,67
val/00005443.jpg,96,86,27,74,39
val/00005444.jpg,2,71,67,42,9
val/00005445.jpg,93,55,49,31,99
val/00005446.jpg,76,39,24,86,52
val/00005447.jpg,85,52,39,24,79
val/00005448.jpg,72,86,52,65,53
val/00005449.jpg,6,69,34,17,63
val/00005450.jpg,44,97,29,9,27
val/00005451.jpg,32,67,0,71,61
val/00005452.jpg,45,78,13,63,62
val/00005453.jpg,94,67,71,49,42
val/00005454.jpg,52,24,79,35,19
val/00005455.jpg,90,76,3,39,24
val/00005456.jpg,55,30,49,99,92
val/00005457.jpg,90,1,69,66,23
val/00005458.jpg,27,77,93,79,55
val/00005459.jpg,81,35,53,24,79
val/00005460.jpg,87,23,1,47,90
val/00005461.jpg,96,39,86,30,74
val/00005462.jpg,73,50,14,37,90
val/00005463.jpg,6,69,34,63,17
val/00005464.jpg,49,83,30,96,43
val/00005465.jpg,86,64,41,69,39
val/00005466.jpg,27,99,82,46,31
val/00005467.jpg,18,16,62,69,45
val/00005468.jpg,23,66,88,11,22
val/00005469.jpg,50,47,72,53,37
val/00005470.jpg,76,24,39,85,90
val/00005471.jpg,45,19,70,33,69
val/00005472.jpg,81,52,19,57,61
val/00005473.jpg,30,82,99,32,83
val/00005474.jpg,76,82,96,77,99
val/00005475.jpg,60,34,10,26,17
val/00005476.jpg,40,35,55,97,44
val/00005477.jpg,87,75,15,2,51
val/00005478.jpg,31,68,27,97,75
val/00005479.jpg,34,66,60,22,69
val/00005480.jpg,69,10,81,37,62
val/00005481.jpg,51,46,99,71,42
val/00005482.jpg,38,13,33,8,11
val/00005483.jpg,36,7,14,69,39
val/00005484.jpg,91,28,65,26,10
val/00005485.jpg,10,48,91,28,26
val/00005486.jpg,14,28,17,48,34
val/00005487.jpg,48,1,22,63,7
val/00005488.jpg,86,42,39,31,46
val/00005489.jpg,41,11,64,69,6
val/00005490.jpg,66,56,87,15,84
val/00005491.jpg,93,55,49,31,4
val/00005492.jpg,51,92,21,99,79
val/00005493.jpg,30,51,72,99,46
val/00005494.jpg,97,55,68,92,29
val/00005495.jpg,55,9,35,52,84
val/00005496.jpg,28,3,65,91,58
val/00005497.jpg,67,61,32,0,71
val/00005498.jpg,62,45,70,20,59
val/00005499.jpg,55,97,98,77,68
val/00005500.jpg,2,94,67,42,71
val/00005501.jpg,53,76,46,72,96
val/00005502.jpg,55,49,10,28,92
val/00005503.jpg,68,98,97,29,9
val/00005504.jpg,40,92,77,68,84
val/00005505.jpg,96,99,30,82,46
val/00005506.jpg,55,79,97,98,46
val/00005507.jpg,26,65,34,37,54
val/00005508.jpg,20,91,64,60,26
val/00005509.jpg,13,78,56,38,33
val/00005510.jpg,60,89,41,90,22
val/00005511.jpg,27,51,9,97,68
val/00005512.jpg,74,26,27,86,73
val/00005513.jpg,54,18,58,26,13
val/00005514.jpg,32,67,71,99,42
val/00005515.jpg,44,35,29,98,9
val/00005516.jpg,28,91,10,20,14
val/00005517.jpg,76,46,99,24,30
val/00005518.jpg,26,86,29,34,91
val/00005519.jpg,53,72,39,76,52
val/00005520.jpg,0,30,5,67,71
val/00005521.jpg,15,66,87,51,74
val/00005522.jpg,52,35,81,43,39
val/00005523.jpg,23,66,17,37,69
val/00005524.jpg,46,82,99,77,92
val/00005525.jpg,94,56,24,19,3
val/00005526.jpg,49,39,72,50,42
val/00005527.jpg,54,42,99,82,43
val/00005528.jpg,12,77,27,83,92
val/00005529.jpg,36,19,1,60,7
val/00005530.jpg,49,79,42,67,52
val/00005531.jpg,58,33,10,91,20
val/00005532.jpg,93,4,10,7,49
val/00005533.jpg,77,92,99,21,96
val/00005534.jpg,6,69,63,34,41
val/00005535.jpg,60,89,16,83,54
val/00005536.jpg,44,35,97,2,9
val/00005537.jpg,30,49,94,0,67
val/00005538.jpg,22,1,7,90,81
val/00005539.jpg,58,33,7,70,17
val/00005540.jpg,60,7,54,69,19
val/00005541.jpg,54,18,26,16,17
val/00005542.jpg,19,52,27,68,35
val/00005543.jpg,26,20,17,25,34
val/00005544.jpg,77,76,94,96,89
val/00005545.jpg,44,29,97,27,98
val/00005546.jpg,94,30,49,67,21
val/00005547.jpg,92,21,77,79,40
val/00005548.jpg,43,79,35,55,4
val/00005549.jpg,37,14,47,10,50
val/00005550.jpg,74,72,46,50,99
val/00005551.jpg,48,78,10,65,37
val/00005552.jpg,48,20,37,14,78
val/00005553.jpg,7,72,15,33,58
val/00005554.jpg,73,50,74,28,14
val/00005555.jpg,73,74,50,28,47
val/00005556.jpg,54,17,33,70,13
val/00005557.jpg,8,14,28,65,7
val/00005558.jpg,47,73,46,82,50
val/00005559.jpg,53,72,46,40,81
val/00005560.jpg,31,21,46,67,32
val/00005561.jpg,8,38,11,18,78
val/00005562.jpg,0,71,5,32,67
val/00005563.jpg,82,30,99,43,27
val/00005564.jpg,7,39,52,19,76
val/00005565.jpg,85,39,89,20,34
val/00005566.jpg,83,66,16,64,15
val/00005567.jpg,28,13,69,65,91
val/00005568.jpg,35,43,55,79,61
val/00005569.jpg,15,95,87,74,51
val/00005570.jpg,57,19,79,35,55
val/00005571.jpg,8,11,38,88,13
val/00005572.jpg,19,25,36,70,7
val/00005573.jpg,67,32,0,71,42
val/00005574.jpg,41,64,63,11,69
val/00005575.jpg,75,51,30,21,99
val/00005576.jpg,93,4,55,31,35
val/00005577.jpg,69,89,6,39,96
val/00005578.jpg,98,68,35,55,97
val/00005579.jpg,41,90,1,63,22
val/00005580.jpg,28,91,10,20,65
val/00005581.jpg,28,91,94,65,10
val/00005582.jpg,26,20,65,7,86
val/00005583.jpg,90,41,69,1,34
val/00005584.jpg,33,58,54,60,10
val/00005585.jpg,33,38,70,54,1
val/00005586.jpg,49,14,37,63,78
val/00005587.jpg,89,23,69,19,22
val/00005588.jpg,96,30,43,46,39
val/00005589.jpg,44,27,81,40,35
val/00005590.jpg,18,16,62,83,54
val/00005591.jpg,65,86,3,42,48
val/00005592.jpg,26,65,18,28,78
val/00005593.jpg,50,47,73,65,37
val/00005594.jpg,96,55,9,29,97
val/00005595.jpg,27,30,31,72,99
val/00005596.jpg,31,3,82,94,99
val/00005597.jpg,60,1,90,34,50
val/00005598.jpg,32,42,99,46,67
val/00005599.jpg,34,7,26,10,20
val/00005600.jpg,88,14,8,78,11
val/00005601.jpg,63,66,64,41,17
val/00005602.jpg,26,7,20,74,37
val/00005603.jpg,56,72,52,79,84
val/00005604.jpg,85,79,52,43,92
val/00005605.jpg,70,45,59,62,38
val/00005606.jpg,46,99,82,42,72
val/00005607.jpg,1,90,41,63,69
val/00005608.jpg,51,0,97,9,30
val/00005609.jpg,87,15,2,95,51
val/00005610.jpg,89,69,83,16,41
val/00005611.jpg,52,19,72,39,79
val/00005612.jpg,5,49,24,53,0
val/00005613.jpg,83,16,18,54,60
val/00005614.jpg,56,84,72,75,74
val/00005615.jpg,41,63,42,69,11
val/00005616.jpg,43,79,5,24,35
val/00005617.jpg,56,36,66,23,74
val/00005618.jpg,43,24,79,5,71
val/00005619.jpg,23,66,64,95,26
val/00005620.jpg,41,64,89,42,18
val/00005621.jpg,90,76,69,89,39
val/00005622.jpg,13,11,38,78,63
val/00005623.jpg,78,17,37,14,48
val/00005624.jpg,86,39,96,76,52
val/00005625.jpg,35,55,79,93,52
val/00005626.jpg,27,72,46,84,99
val/00005627.jpg,16,83,54,18,64
val/00005628.jpg,38,70,33,13,78
val/00005629.jpg,13,11,78,63,14
val/00005630.jpg,13,62,45,78,59
val/00005631.jpg,19,72,52,53,1
val/00005632.jpg,54,17,26,83,58
val/00005633.jpg,5,0,2,24,94
val/00005634.jpg,91,28,58,65,20
val/00005635.jpg,84,56,68,57,97
val/00005636.jpg,75,87,15,95,51
val/00005637.jpg,75,87,95,2,51
val/00005638.jpg,30,46,82,99,32
val/00005639.jpg,88,23,90,14,66
val/00005640.jpg,59,45,16,83,69
val/00005641.jpg,54,7,26,60,17
val/00005642.jpg,87,75,15,95,2
val/00005643.jpg,42,71,67,32,46
val/00005644.jpg,4,77,40,21,99
val/00005645.jpg,47,31,46,72,50
val/00005646.jpg,90,60,50,69,23
val/00005647.jpg,50,74,39,76,53
val/00005648.jpg,77,21,12,4,92
val/00005649.jpg,7,74,20,3,39
val/00005650.jpg,43,79,55,24,5
val/00005651.jpg,90,76,36,7,89
val/00005652.jpg,37,26,10,78,48
val/00005653.jpg,47,50,73,72,76
val/00005654.jpg,54,17,78,37,10
val/00005655.jpg,74,39,27,86,99
val/00005656.jpg,24,12,92,39,89
val/00005657.jpg,38,70,33,45,59
val/00005658.jpg,44,84,98,97,68
val/00005659.jpg,13,16,18,45,62
val/00005660.jpg,20,28,91,34,48
val/00005661.jpg,84,56,68,97,72
val/00005662.jpg,43,79,55,5,35
val/00005663.jpg,26,28,10,91,65
val/00005664.jpg,33,58,54,17,7
val/00005665.jpg,93,49,24,79,52
val/00005666.jpg,54,26,18,10,4
val/00005667.jpg,86,54,39,99,96
val/00005668.jpg,77,21,97,29,68
val/00005669.jpg,35,68,79,61,97
val/00005670.jpg,1,90,72,41,53
val/00005671.jpg,37,48,65,42,50
val/00005672.jpg,36,39,88,14,37
val/00005673.jpg,73,20,28,74,14
val/00005674.jpg,77,92,21,12,79
val/00005675.jpg,92,77,27,79,12
val/00005676.jpg,76,77,97,68,53
val/00005677.jpg,2,39,86,44,49
val/00005678.jpg,15,95,87,74,51
val/00005679.jpg,13,78,48,11,45
val/00005680.jpg,15,87,7,74,49
val/00005681.jpg,54,7,60,17,34
val/00005682.jpg,24,5,76,0,89
val/00005683.jpg,79,24,92,55,5
val/00005684.jpg,7,47,69,50,73
val/00005685.jpg,70,54,33,17,38
val/00005686.jpg,21,92,79,77,46
val/00005687.jpg,75,74,86,71,42
val/00005688.jpg,4,69,34,36,19
val/00005689.jpg,7,33,69,19,78
val/00005690.jpg,9,98,97,44,55
val/00005691.jpg,58,33,54,70,38
val/00005692.jpg,64,69,11,66,22
val/00005693.jpg,39,76,24,44,3
val/00005694.jpg,83,64,54,60,16
val/00005695.jpg,88,8,24,76,72
val/00005696.jpg,46,72,53,81,51
val/00005697.jpg,23,66,63,37,20
val/00005698.jpg,23,66,69,26,64
val/00005699.jpg,15,95,87,74,75
val/00005700.jpg,4,57,93,35,49
val/00005701.jpg,52,19,39,79,24
val/00005702.jpg,12,77,41,21,92
val/00005703.jpg,15,69,66,7,87
val/00005704.jpg,88,49,11,14,3
val/00005705.jpg,81,35,53,57,50
val/00005706.jpg,29,9,97,68,0
val/00005707.jpg,12,77,21,92,40
val/00005708.jpg,33,17,54,78,58
val/00005709.jpg,91,48,65,90,1
val/00005710.jpg,49,55,67,79,93
val/00005711.jpg,46,84,99,21,72
val/00005712.jpg,93,3,56,49,52
val/00005713.jpg,51,75,40,15,97
val/00005714.jpg,62,16,18,54,59
val/00005715.jpg,67,32,71,0,42
val/00005716.jpg,49,32,56,85,71
val/00005717.jpg,61,53,35,79,52
val/00005718.jpg,18,16,6,83,62
val/00005719.jpg,29,80,4,68,98
val/00005720.jpg,74,3,21,99,27
val/00005721.jpg,57,84,56,55,98
val/00005722.jpg,35,79,61,52,24
val/00005723.jpg,35,79,56,52,61
val/00005724.jpg,41,0,11,63,42
val/00005725.jpg,30,99,61,82,49
val/00005726.jpg,56,84,49,19,1
val/00005727.jpg,51,99,46,61,30
val/00005728.jpg,1,22,64,24,56
val/00005729.jpg,92,94,67,49,79
val/00005730.jpg,66,23,87,88,95
val/00005731.jpg,68,98,97,27,53
val/00005732.jpg,75,65,87,3,86
val/00005733.jpg,22,1,88,8,13
val/00005734.jpg,91,26,65,28,48
val/00005735.jpg,82,31,76,99,46
val/00005736.jpg,3,68,24,29,35
val/00005737.jpg,95,2,75,87,72
val/00005738.jpg,22,4,36,25,1
val/00005739.jpg,22,37,10,69,16
val/00005740.jpg,66,22,74,11,27
val/00005741.jpg,98,97,68,9,29
val/00005742.jpg,76,39,82,43,2
val/00005743.jpg,87,58,15,72,27
val/00005744.jpg,49,52,79,19,67
val/00005745.jpg,23,66,88,14,8
val/00005746.jpg,68,98,97,29,77
val/00005747.jpg,71,32,67,49,0
val/00005748.jpg,63,78,37,45,48
val/00005749.jpg,77,29,79,55,21
val/00005750.jpg,23,14,22,88,66
val/00005751.jpg,8,13,11,38,88
val/00005752.jpg,68,77,97,98,21
val/00005753.jpg,52,49,79,71,85
val/00005754.jpg,90,73,64,83,16
val/00005755.jpg,58,54,33,60,70
val/00005756.jpg,41,18,83,89,16
val/00005757.jpg,61,98,77,40,68
val/00005758.jpg,58,33,13,11,48
val/00005759.jpg,23,95,87,75,66
val/00005760.jpg,77,21,4,92,40
val/00005761.jpg,1,50,48,7,90
val/00005762.jpg,30,92,49,83,79
val/00005763.jpg,83,16,73,60,59
val/00005764.jpg,28,10,65,91,26
val/00005765.jpg,60,22,90,1,19
val/00005766.jpg,69,39,0,89,14
val/00005767.jpg,93,99,54,27,78
val/00005768.jpg,7,36,69,34,14
val/00005769.jpg,89,60,7,69,19
val/00005770.jpg,88,8,71,94,49
val/00005771.jpg,58,33,91,22,20
val/00005772.jpg,55,35,57,98,79
val/00005773.jpg,84,68,19,27,72
val/00005774.jpg,31,82,68,97,98
val/00005775.jpg,76,90,39,24,79
val/00005776.jpg,93,31,99,46,42
val/00005777.jpg,21,77,99,27,30
val/00005778.jpg,63,62,18,70,50
val/00005779.jpg,34,69,6,89,85
val/00005780.jpg,23,66,17,37,70
val/00005781.jpg,84,44,9,29,97
val/00005782.jpg,4,10,69,21,26
val/00005783.jpg,75,87,51,81,74
val/00005784.jpg,64,33,1,22,38
val/00005785.jpg,93,74,3,58,19
val/00005786.jpg,48,10,91,20,28
val/00005787.jpg,40,97,44,68,82
val/00005788.jpg,55,4,98,49,9
val/00005789.jpg,38,13,33,11,8
val/00005790.jpg,60,89,19,34,83
val/00005791.jpg,84,31,68,97,27
val/00005792.jpg,98,68,35,97,61
val/00005793.jpg,30,75,74,99,46
val/00005794.jpg,15,81,74,51,53
val/00005795.jpg,49,55,21,67,79
val/00005796.jpg,46,39,50,72,82
val/00005797.jpg,40,51,98,77,68
val/00005798.jpg,20,34,91,10,17
val/00005799.jpg,24,79,0,85,61
val/00005800.jpg,4,78,48,10,26
val/00005801.jpg,49,67,71,32,42
val/00005802.jpg,3,49,74,95,52
val/00005803.jpg,81,19,50,31,72
val/00005804.jpg,40,77,21,99,97
val/00005805.jpg,23,66,47,95,88
val/00005806.jpg,49,88,3,94,71
val/00005807.jpg,50,32,47,73,99
val/00005808.jpg,99,21,77,40,96
val/00005809.jpg,64,83,16,41,38
val/00005810.jpg,43,46,96,79,2
val/00005811.jpg,74,89,20,39,42
val/00005812.jpg,55,49,35,52,79
val/00005813.jpg,69,6,89,37,63
val/00005814.jpg,51,99,93,27,49
val/00005815.jpg,26,28,91,10,65
val/00005816.jpg,90,22,69,74,1
val/00005817.jpg,64,83,82,16,73
val/00005818.jpg,29,9,86,97,68
val/00005819.jpg,74,96,15,99,30
val/00005820.jpg,45,62,59,18,70
val/00005821.jpg,56,72,50,47,66
val/00005822.jpg,30,49,99,43,2
val/00005823.jpg,58,64,54,7,33
val/00005824.jpg,1,60,64,90,63
val/00005825.jpg,91,65,28,10,21
val/00005826.jpg,45,62,59,70,38
val/00005827.jpg,27,55,29,77,68
val/00005828.jpg,48,50,1,37,63
val/00005829.jpg,55,35,98,79,68
val/00005830.jpg,26,17,54,37,78
val/00005831.jpg,61,67,32,35,71
val/00005832.jpg,18,6,62,45,17
val/00005833.jpg,4,69,6,88,1
val/00005834.jpg,26,10,28,37,78
val/00005835.jpg,18,62,16,54,83
val/00005836.jpg,11,8,88,28,13
val/00005837.jpg,2,9,29,97,44
val/00005838.jpg,56,84,74,42,13
val/00005839.jpg,7,91,34,65,39
val/00005840.jpg,39,86,76,2,47
val/00005841.jpg,27,31,84,68,97
val/00005842.jpg,8,41,89,18,0
val/00005843.jpg,1,48,63,90,37
val/00005844.jpg,86,39,96,2,43
val/00005845.jpg,54,33,70,17,58
val/00005846.jpg,28,10,91,65,26
val/00005847.jpg,35,81,52,24,61
val/00005848.jpg,56,52,39,24,49
val/00005849.jpg,20,50,26,28,91
val/00005850.jpg,27,77,21,99,12
val/00005851.jpg,10,28,91,26,48
val/00005852.jpg,5,24,42,79,0
val/00005853.jpg,8,38,10,13,63
val/00005854.jpg,89,7,90,60,69
val/00005855.jpg,95,15,87,75,2
val/00005856.jpg,32,3,67,65,47
val/00005857.jpg,66,33,17,58,48
val/00005858.jpg,44,29,9,80,97
val/00005859.jpg,13,11,38,8,78
val/00005860.jpg,96,76,24,86,97
val/00005861.jpg,18,62,54,17,45
val/00005862.jpg,48,37,78,10,13
val/00005863.jpg,46,47,99,82,50
val/00005864.jpg,71,5,0,24,79
val/00005865.jpg,84,68,57,98,56
val/00005866.jpg,96,39,86,27,76
val/00005867.jpg,91,65,42,49,99
val/00005868.jpg,35,55,29,97,68
val/00005869.jpg,95,87,15,75,74
val/00005870.jpg,24,5,76,89,82
val/00005871.jpg,63,90,8,69,1
val/00005872.jpg,50,73,6,47,63
val/00005873.jpg,50,47,72,1,53
val/00005874.jpg,53,72,51,68,97
val/00005875.jpg,3,67,94,71,24
val/00005876.jpg,19,45,59,37,78
val/00005877.jpg,97,68,29,98,77
val/00005878.jpg,64,14,1,70,22
val/00005879.jpg,41,25,1,63,69
val/00005880.jpg,33,54,48,78,13
val/00005881.jpg,31,86,82,74,27
val/00005882.jpg,85,0,5,32,71
val/00005883.jpg,44,97,35,9,68
val/00005884.jpg,84,68,56,35,55
val/00005885.jpg,47,72,50,76,53
val/00005886.jpg,28,91,10,30,65
val/00005887.jpg,19,54,52,17,26
val/00005888.jpg,86,54,7,39,69
val/00005889.jpg,5,24,96,80,79
val/00005890.jpg,33,58,13,78,48
val/00005891.jpg,77,21,92,40,12
val/00005892.jpg,86,39,91,49,96
val/00005893.jpg,23,66,88,64,8
val/00005894.jpg,0,5,41,42,24
val/00005895.jpg,57,98,68,84,97
val/00005896.jpg,57,55,98,35,68
val/00005897.jpg,40,99,51,15,96
val/00005898.jpg,75,7,74,3,91
val/00005899.jpg,45,62,63,18,89
val/00005900.jpg,39,96,55,44,98
val/00005901.jpg,34,17,37,14,63
val/00005902.jpg,51,93,27,99,74
val/00005903.jpg,78,13,18,45,26
val/00005904.jpg,96,39,74,76,86
val/00005905.jpg,20,37,26,69,34
val/00005906.jpg,17,66,70,88,33
val/00005907.jpg,61,35,52,24,32
val/00005908.jpg,15,95,87,66,23
val/00005909.jpg,48,1,10,91,7
val/00005910.jpg,59,16,60,83,70
val/00005911.jpg,96,55,46,99,27
val/00005912.jpg,23,66,88,95,8
val/00005913.jpg,77,97,21,92,68
val/00005914.jpg,4,55,93,57,35
val/00005915.jpg,91,28,20,26,34
val/00005916.jpg,80,29,97,5,68
val/00005917.jpg,24,1,41,79,89
val/00005918.jpg,12,92,77,21,79
val/00005919.jpg,63,45,17,62,38
val/00005920.jpg,42,0,71,32,67
val/00005921.jpg,64,34,66,20,26
val/00005922.jpg,68,4,79,97,35
val/00005923.jpg,52,79,35,24,19
val/00005924.jpg,97,40,51,82,68
val/00005925.jpg,72,47,46,53,50
val/00005926.jpg,19,52,79,35,93
val/00005927.jpg,19,7,36,1,39
val/00005928.jpg,61,35,24,67,68
val/00005929.jpg,48,91,78,65,10
val/00005930.jpg,83,64,16,60,54
val/00005931.jpg,59,70,45,37,63
val/00005932.jpg,93,55,4,49,74
val/00005933.jpg,46,79,74,96,99
val/00005934.jpg,34,49,69,60,13
val/00005935.jpg,15,74,66,28,3
val/00005936.jpg,2,5,43,0,71
val/00005937.jpg,82,73,30,99,31
val/00005938.jpg,70,17,37,54,7
val/00005939.jpg,86,64,34,65,58
val/00005940.jpg,36,85,32,0,94
val/00005941.jpg,70,17,33,69,45
val/00005942.jpg,21,77,99,96,92
val/00005943.jpg,25,7,26,60,54
val/00005944.jpg,3,74,21,94,40
val/00005945.jpg,38,45,33,18,54
val/00005946.jpg,45,70,62,63,59
val/00005947.jpg,0,42,5,32,71
val/00005948.jpg,70,7,54,62,17
val/00005949.jpg,36,7,54,59,69
val/00005950.jpg,26,54,17,59,70
val/00005951.jpg,76,90,39,24,82
val/00005952.jpg,53,81,76,72,39
val/00005953.jpg,75,87,51,2,15
val/00005954.jpg,92,30,68,97,55
val/00005955.jpg,7,86,39,91,54
val/00005956.jpg,99,82,30,96,42
val/00005957.jpg,63,70,17,45,62
val/00005958.jpg,98,68,97,29,44
val/00005959.jpg,22,14,33,38,1
val/00005960.jpg,3,27,74,21,94
val/00005961.jpg,32,67,71,0,61
val/00005962.jpg,31,82,27,99,76
val/00005963.jpg,58,66,56,33,74
val/00005964.jpg,66,56,87,88,15
val/00005965.jpg,43,5,9,2,97
val/00005966.jpg,53,97,44,68,9
val/00005967.jpg,13,38,78,45,33
val/00005968.jpg,24,1,69,89,39
val/00005969.jpg,5,24,43,71,0
val/00005970.jpg,26,10,17,37,34
val/00005971.jpg,16,38,18,62,45
val/00005972.jpg,67,32,61,0,71
val/00005973.jpg,59,70,45,33,37
val/00005974.jpg,37,48,78,17,26
val/00005975.jpg,11,8,88,13,38
val/00005976.jpg,43,55,93,79,97
val/00005977.jpg,87,75,15,51,68
val/00005978.jpg,21,77,12,49,3
val/00005979.jpg,18,62,54,17,16
val/00005980.jpg,50,39,7,91,3
val/00005981.jpg,17,78,37,70,14
val/00005982.jpg,33,70,14,38,8
val/00005983.jpg,83,16,60,6,64
val/00005984.jpg,10,37,78,48,26
val/00005985.jpg,89,69,45,78,76
val/00005986.jpg,68,35,97,31,27
val/00005987.jpg,64,14,66,23,22
val/00005988.jpg,59,16,60,83,70
val/00005989.jpg,72,3,53,93,27
val/00005990.jpg,23,66,95,74,88
val/00005991.jpg,90,64,60,50,1
val/00005992.jpg,87,15,2,66,95
val/00005993.jpg,88,11,69,8,14
val/00005994.jpg,69,34,37,7,70
val/00005995.jpg,28,34,10,37,6
val/00005996.jpg,93,4,55,49,31
val/00005997.jpg,0,71,32,42,67
val/00005998.jpg,77,68,97,29,98
val/00005999.jpg,22,66,14,23,56
val/00006000.jpg,77,12,21,40,92
val/00006001.jpg,63,69,18,16,59
val/00006002.jpg,86,75,65,26,96
val/00006003.jpg,65,26,34,28,69
val/00006004.jpg,25,36,41,7,19
val/00006005.jpg,40,21,77,51,99
val/00006006.jpg,54,18,17,19,26
val/00006007.jpg,41,63,64,6,69
val/00006008.jpg,42,0,71,67,5
val/00006009.jpg,78,10,48,37,4
val/00006010.jpg,55,51,92,79,97
val/00006011.jpg,1,41,88,69,4
val/00006012.jpg,70,38,33,54,17
val/00006013.jpg,42,50,46,72,99
val/00006014.jpg,6,69,66,1,44
val/00006015.jpg,42,0,46,32,67
val/00006016.jpg,79,92,43,2,8
val/00006017.jpg,1,83,69,54,88
val/00006018.jpg,2,95,8,87,75
val/00006019.jpg,52,19,79,61,35
val/00006020.jpg,24,39,79,52,76
val/00006021.jpg,93,19,39,49,55
val/00006022.jpg,84,68,31,97,98
val/00006023.jpg,50,1,19,90,72
val/00006024.jpg,59,16,70,45,62
val/00006025.jpg,52,19,24,43,39
val/00006026.jpg,89,69,90,7,39
val/00006027.jpg,49,42,93,99,46
val/00006028.jpg,96,9,2,39,44
val/00006029.jpg,89,69,41,83,6
val/00006030.jpg,54,70,17,7,59
val/00006031.jpg,32,71,67,0,94
val/00006032.jpg,45,70,38,37,33
val/00006033.jpg,39,85,86,7,52
val/00006034.jpg,66,60,10,23,22
val/00006035.jpg,23,66,88,8,69
val/00006036.jpg,14,78,13,37,48
val/00006037.jpg,31,94,67,93,71
val/00006038.jpg,53,81,72,46,75
val/00006039.jpg,51,21,97,99,68
val/00006040.jpg,36,7,14,37,78
val/00006041.jpg,94,67,31,71,86
val/00006042.jpg,77,21,29,94,92
val/00006043.jpg,83,16,64,69,18
val/00006044.jpg,54,60,26,17,10
val/00006045.jpg,4,26,14,28,8
val/00006046.jpg,37,10,48,63,60
val/00006047.jpg,20,37,14,39,10
val/00006048.jpg,21,88,4,8,3
val/00006049.jpg,7,36,34,26,64
val/00006050.jpg,21,46,51,30,99
val/00006051.jpg,25,34,78,74,17
val/00006052.jpg,80,29,9,97,44
val/00006053.jpg,27,40,12,92,77
val/00006054.jpg,12,77,92,21,99
val/00006055.jpg,99,46,42,31,32
val/00006056.jpg,9,97,29,68,98
val/00006057.jpg,1,75,91,48,90
val/00006058.jpg,2,71,42,89,67
val/00006059.jpg,79,29,97,43,68
val/00006060.jpg,59,70,16,60,83
val/00006061.jpg,20,28,91,34,94
val/00006062.jpg,96,79,77,24,92
val/00006063.jpg,8,88,14,22,11
val/00006064.jpg,84,68,57,97,98
val/00006065.jpg,28,91,65,48,10
val/00006066.jpg,23,66,10,37,78
val/00006067.jpg,41,63,89,69,64
val/00006068.jpg,4,57,98,35,55
val/00006069.jpg,12,77,92,21,99
val/00006070.jpg,12,92,77,21,40
val/00006071.jpg,52,19,72,79,61
val/00006072.jpg,11,14,88,56,13
val/00006073.jpg,32,0,67,94,71
val/00006074.jpg,51,15,30,87,92
val/00006075.jpg,47,50,73,72,31
val/00006076.jpg,73,82,17,64,6
val/00006077.jpg,24,5,79,43,35
val/00006078.jpg,51,46,30,99,21
val/00006079.jpg,15,87,95,81,75
val/00006080.jpg,39,32,86,76,36
val/00006081.jpg,54,17,66,64,70
val/00006082.jpg,11,13,78,48,37
val/00006083.jpg,28,26,91,20,10
val/00006084.jpg,62,63,38,70,45
val/00006085.jpg,68,97,29,98,77
val/00006086.jpg,43,39,96,19,89
val/00006087.jpg,39,85,53,76,52
val/00006088.jpg,87,75,15,51,95
val/00006089.jpg,14,13,88,48,78
val/00006090.jpg,74,40,76,53,3
val/00006091.jpg,79,35,24,52,81
val/00006092.jpg,97,68,98,77,9
val/00006093.jpg,34,26,20,6,17
val/00006094.jpg,74,3,24,89,2
val/00006095.jpg,61,32,67,71,0
val/00006096.jpg,23,88,78,66,69
val/00006097.jpg,64,60,34,90,1
val/00006098.jpg,40,92,77,97,68
val/00006099.jpg,15,95,74,87,75
val/00006100.jpg,15,87,95,2,75
val/00006101.jpg,25,64,73,41,83
val/00006102.jpg,17,78,33,48,13
val/00006103.jpg,45,78,13,62,37
val/00006104.jpg,89,69,83,16,85
val/00006105.jpg,56,84,44,54,74
val/00006106.jpg,90,64,1,25,41
val/00006107.jpg,36,39,14,24,78
val/00006108.jpg,39,7,96,86,69
val/00006109.jpg,7,69,39,94,86
val/00006110.jpg,15,87,75,95,66
val/00006111.jpg,35,43,79,97,68
val/00006112.jpg,73,50,74,82,34
val/00006113.jpg,6,34,69,28,26
val/00006114.jpg,16,59,60,83,70
val/00006115.jpg,21,99,77,24,82
val/00006116.jpg,76,39,24,90,82
val/00006117.jpg,76,39,90,53,82
val/00006118.jpg,42,71,32,67,0
val/00006119.jpg,86,94,49,30,67
val/00006120.jpg,40,77,21,51,99
val/00006121.jpg,4,80,79,77,55
val/00006122.jpg,6,69,34,17,63
val/00006123.jpg,51,15,87,74,75
val/00006124.jpg,68,98,97,29,9
val/00006125.jpg,11,88,14,66,17
val/00006126.jpg,49,71,42,32,94
val/00006127.jpg,76,74,96,24,99
val/00006128.jpg,2,86,87,55,49
val/00006129.jpg,64,70,54,38,33
val/00006130.jpg,9,97,98,44,68
val/00006131.jpg,41,63,90,25,1
val/00006132.jpg,45,62,18,63,70
val/00006133.jpg,29,9,97,68,2
val/00006134.jpg,15,95,87,71,74
val/00006135.jpg,26,10,28,17,65
val/00006136.jpg,11,66,13,8,63
val/00006137.jpg,17,63,37,78,34
val/00006138.jpg,30,49,83,16,99
val/00006139.jpg,16,83,69,18,54
val/00006140.jpg,6,69,89,34,83
val/00006141.jpg,16,83,54,18,19
val/00006142.jpg,84,56,46,72,49
val/00006143.jpg,61,52,81,19,39
val/00006144.jpg,90,8,41,24,64
val/00006145.jpg,77,79,92,27,21
val/00006146.jpg,47,26,65,39,86
val/00006147.jpg,21,77,65,91,99
val/00006148.jpg,74,39,76,86,96
val/00006149.jpg,13,45,11,38,78
val/00006150.jpg,7,48,37,34,69
val/00006151.jpg,3,89,24,39,74
val/00006152.jpg,61,35,44,53,40
val/00006153.jpg,23,66,88,69,37
val/00006154.jpg,30,83,69,89,77
val/00006155.jpg,51,40,53,77,97
val/00006156.jpg,54,17,74,58,26
val/00006157.jpg,30,99,21,46,82
val/00006158.jpg,85,72,53,24,39
val/00006159.jpg,6,69,63,17,11
val/00006160.jpg,35,93,55,61,57
val/00006161.jpg,95,74,83,64,66
val/00006162.jpg,77,21,92,97,29
val/00006163.jpg,84,68,98,97,29
val/00006164.jpg,1,90,69,7,24
val/00006165.jpg,40,96,51,97,98
val/00006166.jpg,88,8,49,87,2
val/00006167.jpg,91,34,1,65,7
val/00006168.jpg,83,16,54,64,60
val/00006169.jpg,28,91,26,10,65
val/00006170.jpg,23,66,75,95,26
val/00006171.jpg,15,87,95,75,51
val/00006172.jpg,7,89,36,69,1
val/00006173.jpg,91,28,20,10,65
val/00006174.jpg,5,24,43,79,97
val/00006175.jpg,90,15,1,83,69
val/00006176.jpg,35,61,79,52,57
val/00006177.jpg,5,71,42,0,2
val/00006178.jpg,56,75,2,49,94
val/00006179.jpg,27,46,72,99,82
val/00006180.jpg,14,88,66,36,23
val/00006181.jpg,72,47,53,46,7
val/00006182.jpg,20,28,91,10,37
val/00006183.jpg,1,22,48,63,41
val/00006184.jpg,87,47,82,56,76
val/00006185.jpg,38,13,70,17,45
val/00006186.jpg,30,82,99,86,96
val/00006187.jpg,94,71,67,32,49
val/00006188.jpg,48,65,78,33,58
val/00006189.jpg,34,83,40,16,10
val/00006190.jpg,63,17,78,25,1
val/00006191.jpg,94,67,71,3,42
val/00006192.jpg,63,42,38,62,78
val/00006193.jpg,50,60,73,10,4
val/00006194.jpg,0,32,67,71,94
val/00006195.jpg,63,59,62,89,45
val/00006196.jpg,28,91,20,34,10
val/00006197.jpg,1,63,90,69,48
val/00006198.jpg,19,74,54,86,7
val/00006199.jpg,88,34,14,26,65
val/00006200.jpg,17,70,37,33,78
val/00006201.jpg,80,35,79,29,24
val/00006202.jpg,87,15,51,75,95
val/00006203.jpg,42,99,46,32,31
val/00006204.jpg,82,99,46,31,30
val/00006205.jpg,75,95,87,23,74
val/00006206.jpg,67,94,93,3,35
val/00006207.jpg,61,27,52,19,72
val/00006208.jpg,53,76,72,68,46
val/00006209.jpg,4,98,57,88,1
val/00006210.jpg,49,93,56,2,55
val/00006211.jpg,4,98,79,55,80
val/00006212.jpg,93,49,72,3,74
val/00006213.jpg,42,99,30,82,63
val/00006214.jpg,61,40,46,30,44
val/00006215.jpg,64,20,73,17,34
val/00006216.jpg,96,86,29,80,39
val/00006217.jpg,5,24,43,79,0
val/00006218.jpg,1,50,72,69,63
val/00006219.jpg,21,30,99,12,92
val/00006220.jpg,89,41,18,83,45
val/00006221.jpg,62,45,18,63,37
val/00006222.jpg,99,46,82,42,30
val/00006223.jpg,83,64,16,54,41
val/00006224.jpg,7,54,60,70,19
val/00006225.jpg,23,66,1,7,37
val/00006226.jpg,88,8,11,69,14
val/00006227.jpg,14,37,78,22,69
val/00006228.jpg,96,43,9,53,39
val/00006229.jpg,2,92,94,86,74
val/00006230.jpg,95,15,75,74,2
val/00006231.jpg,72,53,46,86,39
val/00006232.jpg,99,46,31,42,82
val/00006233.jpg,18,16,62,83,69
val/00006234.jpg,83,41,16,89,18
val/00006235.jpg,80,29,9,44,97
val/00006236.jpg,75,22,33,58,1
val/00006237.jpg,74,24,76,3,82
val/00006238.jpg,13,78,33,45,11
val/00006239.jpg,18,62,45,54,17
val/00006240.jpg,37,1,63,78,48
val/00006241.jpg,64,34,83,82,60
val/00006242.jpg,82,31,27,99,32
val/00006243.jpg,82,99,30,27,31
val/00006244.jpg,36,39,81,5,24
val/00006245.jpg,90,60,1,69,89
val/00006246.jpg,51,0,99,21,71
val/00006247.jpg,17,70,54,69,37
val/00006248.jpg,21,49,93,99,67
val/00006249.jpg,93,49,55,4,3
val/00006250.jpg,19,81,31,24,27
val/00006251.jpg,23,66,17,75,88
val/00006252.jpg,63,69,82,91,6
val/00006253.jpg,93,49,42,32,31
val/00006254.jpg,31,49,42,74,94
val/00006255.jpg,58,6,69,34,28
val/00006256.jpg,74,96,86,29,27
val/00006257.jpg,29,27,9,96,97
val/00006258.jpg,7,90,91,69,2
val/00006259.jpg,34,6,64,17,26
val/00006260.jpg,14,78,17,88,45
val/00006261.jpg,10,37,78,48,45
val/00006262.jpg,90,41,89,1,76
val/00006263.jpg,74,93,19,3,58
val/00006264.jpg,21,30,99,72,49
val/00006265.jpg,91,20,48,28,10
val/00006266.jpg,32,0,71,67,42
val/00006267.jpg,3,52,39,24,19
val/00006268.jpg,68,52,35,67,61
val/00006269.jpg,52,35,19,61,57
val/00006270.jpg,65,99,21,91,28
val/00006271.jpg,11,54,14,22,66
val/00006272.jpg,35,44,80,79,55
val/00006273.jpg,50,76,47,90,31
val/00006274.jpg,91,26,10,28,48
val/00006275.jpg,50,73,53,69,3
val/00006276.jpg,53,68,35,98,97
val/00006277.jpg,43,29,97,68,9
val/00006278.jpg,95,15,87,74,51
val/00006279.jpg,38,70,54,33,1
val/00006280.jpg,40,61,98,0,53
val/00006281.jpg,32,0,71,67,94
val/00006282.jpg,51,27,97,40,68
val/00006283.jpg,58,22,54,66,33
val/00006284.jpg,1,48,90,63,41
val/00006285.jpg,63,1,78,48,37
val/00006286.jpg,52,19,79,24,39
val/00006287.jpg,84,68,98,31,97
val/00006288.jpg,30,49,75,74,65
val/00006289.jpg,46,99,21,72,30
val/00006290.jpg,89,18,69,41,62
val/00006291.jpg,59,16,83,89,18
val/00006292.jpg,78,14,28,13,65
val/00006293.jpg,86,29,96,68,97
val/00006294.jpg,86,2,52,39,9
val/00006295.jpg,51,97,2,99,40
val/00006296.jpg,63,45,69,89,62
val/00006297.jpg,22,1,90,72,81
val/00006298.jpg,10,28,26,18,58
val/00006299.jpg,63,78,13,8,62
val/00006300.jpg,54,7,17,64,23
val/00006301.jpg,31,82,99,93,42
val/00006302.jpg,82,31,99,18,27
val/00006303.jpg,57,81,35,68,98
val/00006304.jpg,51,74,99,40,27
val/00006305.jpg,12,77,21,40,92
val/00006306.jpg,76,74,24,99,82
val/00006307.jpg,91,28,3,10,49
val/00006308.jpg,70,33,54,38,58
val/00006309.jpg,93,4,3,74,22
val/00006310.jpg,92,77,27,79,21
val/00006311.jpg,70,38,33,17,16
val/00006312.jpg,9,97,44,29,68
val/00006313.jpg,25,1,74,78,27
val/00006314.jpg,48,7,20,91,37
val/00006315.jpg,60,34,5,71,2
val/00006316.jpg,15,87,51,95,74
val/00006317.jpg,90,1,22,60,64
val/00006318.jpg,92,77,12,21,79
val/00006319.jpg,63,70,45,59,62
val/00006320.jpg,61,79,35,24,30
val/00006321.jpg,30,99,46,43,82
val/00006322.jpg,10,69,6,26,28
val/00006323.jpg,30,99,51,92,79
val/00006324.jpg,94,71,67,32,31
val/00006325.jpg,16,83,69,18,6
val/00006326.jpg,53,72,24,76,50
val/00006327.jpg,57,84,68,98,31
val/00006328.jpg,22,37,48,69,7
val/00006329.jpg,66,54,64,23,15
val/00006330.jpg,13,11,38,45,8
val/00006331.jpg,47,20,50,39,91
val/00006332.jpg,35,79,24,68,61
val/00006333.jpg,90,5,76,24,89
val/00006334.jpg,58,18,28,62,6
val/00006335.jpg,19,52,43,76,7
val/00006336.jpg,0,97,68,29,43
val/00006337.jpg,84,68,98,97,57
val/00006338.jpg,68,97,98,35,77
val/00006339.jpg,78,14,37,48,13
val/00006340.jpg,16,33,18,54,83
val/00006341.jpg,18,62,6,69,16
val/00006342.jpg,80,29,68,55,9
val/00006343.jpg,54,64,70,60,17
val/00006344.jpg,85,71,39,86,0
val/00006345.jpg,14,26,37,20,23
val/00006346.jpg,81,61,19,24,52
val/00006347.jpg,71,32,0,67,94
val/00006348.jpg,8,38,33,14,13
val/00006349.jpg,35,97,80,68,29
val/00006350.jpg,95,87,75,15,2
val/00006351.jpg,2,8,56,46,72
val/00006352.jpg,35,79,97,77,68
val/00006353.jpg,23,89,22,69,66
val/00006354.jpg,59,16,60,83,70
val/00006355.jpg,83,16,60,64,54
val/00006356.jpg,28,3,65,69,91
val/00006357.jpg,65,86,42,99,75
val/00006358.jpg,9,44,97,29,68
val/00006359.jpg,64,82,90,34,47
val/00006360.jpg,87,15,75,95,2
val/00006361.jpg,78,38,13,45,14
val/00006362.jpg,81,75,44,35,15
val/00006363.jpg,27,77,96,12,92
val/00006364.jpg,31,67,32,82,68
val/00006365.jpg,11,13,14,63,17
val/00006366.jpg,28,88,8,94,13
val/00006367.jpg,72,50,46,53,47
val/00006368.jpg,8,88,33,23,15
val/00006369.jpg,49,30,32,67,0
val/00006370.jpg,16,83,60,54,59
val/00006371.jpg,31,84,68,85,97
val/00006372.jpg,86,34,65,17,14
val/00006373.jpg,84,57,68,97,29
val/00006374.jpg,82,31,99,32,47
val/00006375.jpg,89,19,69,60,17
val/00006376.jpg,90,2,69,8,89
val/00006377.jpg,58,28,33,91,48
val/00006378.jpg,10,37,48,78,26
val/00006379.jpg,89,69,54,83,18
val/00006380.jpg,80,29,9,44,97
val/00006381.jpg,23,66,95,47,87
val/00006382.jpg,44,35,79,40,97
val/00006383.jpg,10,78,48,37,26
val/00006384.jpg,90,22,48,1,63
val/00006385.jpg,87,2,15,75,95
val/00006386.jpg,4,57,55,93,80
val/00006387.jpg,88,8,69,11,32
val/00006388.jpg,74,34,47,50,73
val/00006389.jpg,0,71,32,67,42
val/00006390.jpg,76,39,24,19,52
val/00006391.jpg,30,99,82,46,32
val/00006392.jpg,89,83,16,19,18
val/00006393.jpg,8,33,38,13,58
val/00006394.jpg,35,79,43,55,97
val/00006395.jpg,36,7,81,89,76
val/00006396.jpg,83,16,60,89,54
val/00006397.jpg,78,37,7,14,33
val/00006398.jpg,32,0,67,71,42
val/00006399.jpg,27,77,99,92,97
val/00006400.jpg,30,51,0,21,99
val/00006401.jpg,79,19,74,55,49
val/00006402.jpg,81,75,40,44,35
val/00006403.jpg,49,42,39,37,59
val/00006404.jpg,43,52,35,97,79
val/00006405.jpg,43,55,79,77,92
val/00006406.jpg,30,84,34,21,3
val/00006407.jpg,7,37,17,70,26
val/00006408.jpg,6,34,17,83,69
val/00006409.jpg,72,46,99,50,39
val/00006410.jpg,77,21,40,92,12
val/00006411.jpg,31,84,67,42,32
val/00006412.jpg,66,95,23,64,56
val/00006413.jpg,81,35,44,72,53
val/00006414.jpg,75,30,87,51,74
val/00006415.jpg,32,67,71,0,42
val/00006416.jpg,14,63,78,8,45
val/00006417.jpg,99,82,30,46,96
val/00006418.jpg,91,65,28,3,48
val/00006419.jpg,57,4,98,35,55
val/00006420.jpg,72,53,47,46,50
val/00006421.jpg,4,1,13,93,38
val/00006422.jpg,91,65,48,28,10
val/00006423.jpg,46,82,99,27,31
val/00006424.jpg,10,26,91,48,28
val/00006425.jpg,4,69,49,28,55
val/00006426.jpg,54,17,18,58,62
val/00006427.jpg,70,33,38,17,54
val/00006428.jpg,64,83,89,16,18
val/00006429.jpg,1,94,63,89,74
val/00006430.jpg,71,51,42,75,99
val/00006431.jpg,76,39,53,85,72
val/00006432.jpg,96,9,44,29,97
val/00006433.jpg,14,78,28,22,10
val/00006434.jpg,16,83,60,30,19
val/00006435.jpg,94,67,71,31,3
val/00006436.jpg,74,75,15,87,51
val/00006437.jpg,90,7,19,1,76
val/00006438.jpg,56,66,80,84,88
val/00006439.jpg,45,78,62,37,59
val/00006440.jpg,87,29,98,86,7
val/00006441.jpg,70,26,59,54,37
val/00006442.jpg,15,95,74,66,56
val/00006443.jpg,63,42,11,69,49
val/00006444.jpg,89,63,69,8,1
val/00006445.jpg,80,29,35,9,68
val/00006446.jpg,58,28,91,33,3
val/00006447.jpg,22,90,1,24,41
val/00006448.jpg,62,18,45,17,70
val/00006449.jpg,77,21,92,24,68
val/00006450.jpg,75,87,15,40,30
val/00006451.jpg,88,8,14,11,78
val/00006452.jpg,54,17,66,58,26
val/00006453.jpg,68,97,98,35,27
val/00006454.jpg,36,39,47,7,19
val/00006455.jpg,26,49,39,59,43
val/00006456.jpg,62,63,45,13,38
val/00006457.jpg,9,29,97,44,68
val/00006458.jpg,2,8,71,13,0
val/00006459.jpg,75,49,42,30,99
val/00006460.jpg,80,44,29,9,5
val/00006461.jpg,71,42,0,67,85
val/00006462.jpg,46,43,30,55,79
val/00006463.jpg,61,52,35,67,32
val/00006464.jpg,86,65,74,47,50
val/00006465.jpg,1,72,53,63,49
val/00006466.jpg,2,55,79,92,29
val/00006467.jpg,31,82,32,99,67
val/00006468.jpg,67,32,71,42,0
val/00006469.jpg,88,22,3,14,56
val/00006470.jpg,88,8,14,23,75
val/00006471.jpg,4,93,35,57,55
val/00006472.jpg,84,68,3,56,93
val/00006473.jpg,82,31,99,47,32
val/00006474.jpg,30,0,9,97,96
val/00006475.jpg,13,78,33,54,38
val/00006476.jpg,4,98,57,49,69
val/00006477.jpg,38,18,62,45,70
val/00006478.jpg,96,39,2,46,86
val/00006479.jpg,11,56,22,66,88
val/00006480.jpg,73,53,46,72,50
val/00006481.jpg,48,1,34,37,65
val/00006482.jpg,23,66,95,88,74
val/00006483.jpg,73,50,74,47,72
val/00006484.jpg,71,2,5,42,0
val/00006485.jpg,16,83,54,60,69
val/00006486.jpg,35,68,61,98,97
val/00006487.jpg,43,24,79,5,52
val/00006488.jpg,93,49,55,31,3
val/00006489.jpg,3,85,39,94,67
val/00006490.jpg,59,70,16,54,60
val/00006491.jpg,54,70,17,59,7
val/00006492.jpg,25,1,41,90,19
val/00006493.jpg,97,68,98,77,79
val/00006494.jpg,56,66,23,95,84
val/00006495.jpg,54,10,26,17,58
val/00006496.jpg,61,35,53,24,85
val/00006497.jpg,32,0,71,67,61
val/00006498.jpg,41,63,42,18,64
val/00006499.jpg,14,78,37,69,88
val/00006500.jpg,22,8,23,88,14
val/00006501.jpg,54,58,64,74,83
val/00006502.jpg,12,92,77,96,27
val/00006503.jpg,99,46,27,86,21
val/00006504.jpg,87,15,95,75,2
val/00006505.jpg,99,31,49,67,42
val/00006506.jpg,32,0,71,67,94
val/00006507.jpg,51,21,30,97,75
val/00006508.jpg,60,6,70,89,69
val/00006509.jpg,60,70,59,54,1
val/00006510.jpg,59,10,26,37,69
val/00006511.jpg,22,58,33,14,38
val/00006512.jpg,63,13,45,78,48
val/00006513.jpg,94,71,67,32,31
val/00006514.jpg,46,72,99,53,27
val/00006515.jpg,25,41,1,63,90
val/00006516.jpg,90,69,63,60,6
val/00006517.jpg,54,33,18,62,13
val/00006518.jpg,1,63,25,37,78
val/00006519.jpg,60,72,25,36,19
val/00006520.jpg,91,20,60,26,64
val/00006521.jpg,62,63,18,17,45
val/00006522.jpg,79,24,19,52,43
val/00006523.jpg,95,2,87,75,15
val/00006524.jpg,99,46,51,43,96
val/00006525.jpg,29,97,9,68,44
val/00006526.jpg,1,90,48,91,63
val/00006527.jpg,58,33,74,54,66
val/00006528.jpg,84,56,68,98,97
val/00006529.jpg,24,1,43,19,5
val/00006530.jpg,41,64,42,0,69
val/00006531.jpg,54,17,26,78,7
val/00006532.jpg,20,28,34,6,37
val/00006533.jpg,38,11,8,13,63
val/00006534.jpg,64,54,58,17,60
val/00006535.jpg,92,12,77,40,27
val/00006536.jpg,34,26,65,86,91
val/00006537.jpg,2,72,39,81,46
val/00006538.jpg,6,17,69,63,34
val/00006539.jpg,17,70,88,14,66
val/00006540.jpg,17,34,6,64,54
val/00006541.jpg,74,27,86,39,96
val/00006542.jpg,45,62,18,38,59
val/00006543.jpg,0,32,67,71,94
val/00006544.jpg,80,29,44,9,97
val/00006545.jpg,37,94,69,14,78
val/00006546.jpg,64,88,8,70,33
val/00006547.jpg,39,76,86,96,7
val/00006548.jpg,80,29,44,5,97
val/00006549.jpg,79,97,68,92,35
val/00006550.jpg,75,50,24,72,39
val/00006551.jpg,79,24,85,52,39
val/00006552.jpg,54,10,18,58,78
val/00006553.jpg,58,54,22,33,37
val/00006554.jpg,56,84,74,3,19
val/00006555.jpg,45,17,70,62,63
val/00006556.jpg,73,74,50,39,30
val/00006557.jpg,52,79,19,85,35
val/00006558.jpg,76,39,52,53,79
val/00006559.jpg,65,91,7,28,48
val/00006560.jpg,76,53,24,90,98
val/00006561.jpg,45,62,59,18,89
val/00006562.jpg,60,59,70,34,54
val/00006563.jpg,22,69,63,48,1
val/00006564.jpg,32,67,71,0,61
val/00006565.jpg,42,65,13,63,86
val/00006566.jpg,89,8,7,69,2
val/00006567.jpg,75,56,44,34,81
val/00006568.jpg,77,21,55,29,97
val/00006569.jpg,73,50,24,90,43
val/00006570.jpg,74,99,42,31,3
val/00006571.jpg,77,12,92,21,99
val/00006572.jpg,26,86,19,39,20
val/00006573.jpg,52,35,79,19,81
val/00006574.jpg,46,82,99,31,96
val/00006575.jpg,87,15,75,51,66
val/00006576.jpg,99,46,40,42,21
val/00006577.jpg,48,34,1,91,63
val/00006578.jpg,42,71,32,56,49
val/00006579.jpg,41,90,22,63,64
val/00006580.jpg,64,90,82,47,34
val/00006581.jpg,48,1,65,91,37
val/00006582.jpg,21,51,77,30,92
val/00006583.jpg,18,62,54,17,70
val/00006584.jpg,54,18,62,16,70
val/00006585.jpg,69,63,34,7,1
val/00006586.jpg,91,34,28,6,65
val/00006587.jpg,25,37,48,14,78
val/00006588.jpg,50,53,81,72,47
val/00006589.jpg,23,17,64,70,54
val/00006590.jpg,94,71,67,69,49
val/00006591.jpg,32,71,0,67,42
val/00006592.jpg,13,14,8,88,78
val/00006593.jpg,52,19,79,35,61
val/00006594.jpg,75,87,30,51,15
val/00006595.jpg,33,38,78,13,45
val/00006596.jpg,4,69,93,49,83
val/00006597.jpg,57,35,55,61,68
val/00006598.jpg,96,55,4,77,27
val/00006599.jpg,67,94,32,71,31
val/00006600.jpg,81,72,15,52,8
val/00006601.jpg,25,7,69,65,34
val/00006602.jpg,75,87,30,95,51
val/00006603.jpg,28,91,10,26,58
val/00006604.jpg,75,51,87,30,27
val/00006605.jpg,42,10,49,93,28
val/00006606.jpg,88,8,14,2,85
val/00006607.jpg,80,29,44,9,35
val/00006608.jpg,10,78,48,26,37
val/00006609.jpg,44,97,9,29,68
val/00006610.jpg,65,26,91,28,34
val/00006611.jpg,20,91,58,28,33
val/00006612.jpg,65,48,86,72,91
val/00006613.jpg,25,64,41,38,89
val/00006614.jpg,37,17,58,26,33
val/00006615.jpg,49,42,71,0,32
val/00006616.jpg,64,14,36,7,70
val/00006617.jpg,49,32,0,67,30
val/00006618.jpg,12,77,21,92,40
val/00006619.jpg,80,29,9,44,97
val/00006620.jpg,3,28,88,14,22
val/00006621.jpg,36,7,19,69,25
val/00006622.jpg,79,52,92,24,35
val/00006623.jpg,96,83,16,89,4
val/00006624.jpg,23,66,75,47,37
val/00006625.jpg,37,63,70,50,47
val/00006626.jpg,45,62,38,78,89
val/00006627.jpg,43,79,24,71,30
val/00006628.jpg,32,0,99,71,24
val/00006629.jpg,85,53,39,24,72
val/00006630.jpg,75,95,87,15,2
val/00006631.jpg,43,79,55,35,24
val/00006632.jpg,2,94,76,89,67
val/00006633.jpg,4,66,54,22,69
val/00006634.jpg,90,69,64,23,41
val/00006635.jpg,83,64,16,85,39
val/00006636.jpg,2,94,71,39,86
val/00006637.jpg,25,7,36,74,69
val/00006638.jpg,70,17,33,62,38
val/00006639.jpg,73,64,50,70,90
val/00006640.jpg,55,79,43,35,49
val/00006641.jpg,93,52,55,35,79
val/00006642.jpg,78,48,37,13,17
val/00006643.jpg,35,68,55,97,98
val/00006644.jpg,80,35,29,44,68
val/00006645.jpg,88,64,34,4,66
val/00006646.jpg,39,69,7,89,19
val/00006647.jpg,17,20,10,37,58
val/00006648.jpg,5,24,43,79,92
val/00006649.jpg,76,24,90,3,79
val/00006650.jpg,86,26,96,65,82
val/00006651.jpg,82,76,39,86,99
val/00006652.jpg,91,28,65,10,26
val/00006653.jpg,68,98,97,29,77
val/00006654.jpg,19,7,3,52,74
val/00006655.jpg,63,78,14,37,48
val/00006656.jpg,84,56,46,68,44
val/00006657.jpg,62,45,17,18,33
val/00006658.jpg,29,77,97,68,79
val/00006659.jpg,6,66,69,63,17
val/00006660.jpg,17,70,54,33,37
val/00006661.jpg,54,59,70,60,26
val/00006662.jpg,97,68,9,79,35
val/00006663.jpg,18,62,45,16,6
val/00006664.jpg,23,7,47,64,66
val/00006665.jpg,96,29,80,44,86
val/00006666.jpg,65,91,28,10,26
val/00006667.jpg,13,78,38,11,14
val/00006668.jpg,86,94,2,67,29
val/00006669.jpg,93,4,35,49,55
val/00006670.jpg,54,70,17,33,18
val/00006671.jpg,28,91,65,10,21
val/00006672.jpg,98,97,55,29,68
val/00006673.jpg,41,64,63,11,89
val/00006674.jpg,5,2,43,71,24
val/00006675.jpg,6,69,37,26,10
val/00006676.jpg,78,10,37,48,26
val/00006677.jpg,10,26,28,48,78
val/00006678.jpg,76,77,68,97,79
val/00006679.jpg,60,36,34,89,19
val/00006680.jpg,36,7,23,66,1
val/00006681.jpg,56,69,6,16,83
val/00006682.jpg,27,74,46,99,77
val/00006683.jpg,49,3,21,30,94
val/00006684.jpg,87,75,30,15,51
val/00006685.jpg,96,86,39,30,44
val/00006686.jpg,30,84,82,39,57
val/00006687.jpg,4,57,49,55,98
val/00006688.jpg,70,54,38,62,17
val/00006689.jpg,36,19,81,1,39
val/00006690.jpg,37,14,78,17,59
val/00006691.jpg,0,32,67,71,49
val/00006692.jpg,7,91,17,10,54
val/00006693.jpg,25,14,20,37,78
val/00006694.jpg,50,70,60,39,1
val/00006695.jpg,17,62,54,70,37
val/00006696.jpg,12,77,92,21,40
val/00006697.jpg,22,89,74,33,19
val/00006698.jpg,74,75,15,66,50
val/00006699.jpg,99,27,77,92,79
val/00006700.jpg,96,27,5,82,77
val/00006701.jpg,78,48,65,37,13
val/00006702.jpg,15,87,95,66,51
val/00006703.jpg,10,26,37,34,20
val/00006704.jpg,64,66,17,33,6
val/00006705.jpg,92,77,55,49,79
val/00006706.jpg,90,6,69,60,63
val/00006707.jpg,65,99,21,91,77
val/00006708.jpg,47,72,53,90,76
val/00006709.jpg,63,69,6,89,11
val/00006710.jpg,58,33,64,20,70
val/00006711.jpg,92,79,97,40,68
val/00006712.jpg,30,67,32,99,86
val/00006713.jpg,9,44,97,29,40
val/00006714.jpg,14,78,48,37,65
val/00006715.jpg,50,63,1,37,78
val/00006716.jpg,82,99,30,42,31
val/00006717.jpg,7,17,54,69,34
val/00006718.jpg,63,1,64,60,90
val/00006719.jpg,58,3,74,33,22
val/00006720.jpg,74,95,96,84,75
val/00006721.jpg,26,17,34,10,86
val/00006722.jpg,74,96,27,86,39
val/00006723.jpg,24,3,79,5,71
val/00006724.jpg,19,1,52,83,24
val/00006725.jpg,64,60,90,1,72
val/00006726.jpg,3,91,69,48,1
val/00006727.jpg,36,19,50,81,75
val/00006728.jpg,24,5,43,79,46
val/00006729.jpg,96,76,43,39,9
val/00006730.jpg,14,88,8,34,22
val/00006731.jpg,15,87,51,66,95
val/00006732.jpg,38,13,33,78,45
val/00006733.jpg,60,59,64,70,34
val/00006734.jpg,27,99,96,74,46
val/00006735.jpg,94,21,76,31,74
val/00006736.jpg,18,16,54,62,59
val/00006737.jpg,22,11,58,66,14
val/00006738.jpg,97,68,29,98,9
val/00006739.jpg,97,77,68,29,21
val/00006740.jpg,71,56,42,32,65
val/00006741.jpg,23,90,66,47,64
val/00006742.jpg,79,43,92,24,5
val/00006743.jpg,99,82,30,51,46
val/00006744.jpg,18,62,16,63,11
val/00006745.jpg,59,37,70,78,10
val/00006746.jpg,0,32,71,67,49
val/00006747.jpg,97,9,68,44,29
val/00006748.jpg,84,83,57,30,98
val/00006749.jpg,18,54,69,8,38
val/00006750.jpg,29,68,55,97,2
val/00006751.jpg,23,66,22,95,64
val/00006752.jpg,50,42,39,72,47
val/00006753.jpg,35,75,97,74,68
val/00006754.jpg,54,70,16,83,59
val/00006755.jpg,54,17,18,70,69
val/00006756.jpg,48,37,22,26,10
val/00006757.jpg,9,29,96,97,27
val/00006758.jpg,18,62,54,45,16
val/00006759.jpg,90,60,64,41,1
val/00006760.jpg,5,24,43,71,79
val/00006761.jpg,0,41,32,42,67
val/00006762.jpg,7,39,74,69,20
val/00006763.jpg,84,56,46,74,30
val/00006764.jpg,74,27,86,39,99
val/00006765.jpg,82,43,99,30,24
val/00006766.jpg,65,94,3,71,42
val/00006767.jpg,98,68,4,29,57
val/00006768.jpg,82,42,31,99,93
val/00006769.jpg,49,93,2,87,71
val/00006770.jpg,58,28,33,91,3
val/00006771.jpg,91,22,76,28,90
val/00006772.jpg,26,34,65,10,17
val/00006773.jpg,52,35,79,68,24
val/00006774.jpg,80,29,5,44,97
val/00006775.jpg,17,70,34,37,74
val/00006776.jpg,27,46,53,99,72
val/00006777.jpg,46,72,50,42,67
val/00006778.jpg,9,97,55,51,44
val/00006779.jpg,75,81,2,24,5
val/00006780.jpg,84,56,68,29,97
val/00006781.jpg,13,11,78,8,14
val/00006782.jpg,38,8,33,70,13
val/00006783.jpg,17,54,18,37,70
val/00006784.jpg,86,2,96,10,14
val/00006785.jpg,19,52,81,95,23
val/00006786.jpg,63,13,69,45,28
val/00006787.jpg,71,32,11,42,69
val/00006788.jpg,4,57,35,80,55
val/00006789.jpg,19,52,54,72,27
val/00006790.jpg,41,63,1,88,64
val/00006791.jpg,13,34,64,78,8
val/00006792.jpg,13,11,38,78,8
val/00006793.jpg,3,87,88,28,14
val/00006794.jpg,35,98,55,51,97
val/00006795.jpg,13,11,63,78,45
val/00006796.jpg,7,19,1,69,56
val/00006797.jpg,47,26,60,50,64
val/00006798.jpg,70,59,64,16,63
val/00006799.jpg,54,66,70,7,60
val/00006800.jpg,44,97,9,53,29
val/00006801.jpg,76,24,5,96,2
val/00006802.jpg,99,87,32,21,31
val/00006803.jpg,85,71,0,32,49
val/00006804.jpg,62,63,18,70,6
val/00006805.jpg,18,62,45,16,59
val/00006806.jpg,15,87,66,95,51
val/00006807.jpg,82,99,30,31,27
val/00006808.jpg,13,78,11,38,14
val/00006809.jpg,9,29,2,97,0
val/00006810.jpg,20,17,64,6,63
val/00006811.jpg,8,13,11,88,1
val/00006812.jpg,25,89,1,41,60
val/00006813.jpg,36,25,7,60,1
val/00006814.jpg,93,4,35,69,55
val/00006815.jpg,19,56,74,3,52
val/00006816.jpg,36,89,7,69,25
val/00006817.jpg,42,39,47,50,71
val/00006818.jpg,9,29,44,86,2
val/00006819.jpg,13,14,78,56,28
val/00006820.jpg,34,13,28,91,1
val/00006821.jpg,31,36,84,19,27
val/00006822.jpg,3,69,25,7,39
val/00006823.jpg,62,45,18,38,70
val/00006824.jpg,39,86,36,96,7
val/00006825.jpg,62,45,63,33,70
val/00006826.jpg,74,3,27,21,86
val/00006827.jpg,15,87,74,95,51
val/00006828.jpg,48,91,63,7,69
val/00006829.jpg,39,86,74,96,7
val/00006830.jpg,52,35,19,79,55
val/00006831.jpg,92,79,43,5,77
val/00006832.jpg,12,92,77,21,79
val/00006833.jpg,80,29,96,9,44
val/00006834.jpg,12,77,41,21,63
val/00006835.jpg,13,7,65,78,14
val/00006836.jpg,45,78,37,63,14
val/00006837.jpg,6,66,69,11,17
val/00006838.jpg,98,68,97,55,35
val/00006839.jpg,1,63,50,7,72
val/00006840.jpg,49,55,98,9,29
val/00006841.jpg,11,44,69,55,18
val/00006842.jpg,43,79,97,35,24
val/00006843.jpg,43,5,2,24,76
val/00006844.jpg,74,3,39,15,65
val/00006845.jpg,23,66,17,78,38
val/00006846.jpg,9,29,55,98,68
val/00006847.jpg,26,17,6,10,37
val/00006848.jpg,13,38,11,78,45
val/00006849.jpg,89,90,60,43,26
val/00006850.jpg,63,13,11,38,1
val/00006851.jpg,87,75,15,95,2
val/00006852.jpg,35,61,68,57,97
val/00006853.jpg,85,52,32,71,49
val/00006854.jpg,56,13,67,42,71
val/00006855.jpg,73,41,16,64,18
val/00006856.jpg,39,19,50,76,3
val/00006857.jpg,26,34,64,43,83
val/00006858.jpg,13,11,78,8,38
val/00006859.jpg,30,24,5,74,82
val/00006860.jpg,49,86,42,39,67
val/00006861.jpg,51,97,68,27,35
val/00006862.jpg,50,1,72,47,39
val/00006863.jpg,18,62,54,70,17
val/00006864.jpg,78,13,14,48,37
val/00006865.jpg,88,23,11,66,8
val/00006866.jpg,86,10,69,7,4
val/00006867.jpg,84,56,68,57,55
val/00006868.jpg,83,16,60,18,59
val/00006869.jpg,51,97,31,68,98
val/00006870.jpg,73,50,47,74,76
val/00006871.jpg,35,61,68,79,97
val/00006872.jpg,8,11,88,2,64
val/00006873.jpg,22,58,11,33,64
val/00006874.jpg,79,92,43,97,77
val/00006875.jpg,55,79,97,35,43
val/00006876.jpg,54,7,78,17,13
val/00006877.jpg,84,56,74,72,46
val/00006878.jpg,42,73,46,47,50
val/00006879.jpg,10,4,28,26,78
val/00006880.jpg,15,87,95,66,75
val/00006881.jpg,55,39,86,2,49
val/00006882.jpg,27,74,99,72,46
val/00006883.jpg,93,49,71,67,42
val/00006884.jpg,15,87,95,75,74
val/00006885.jpg,12,92,30,77,99
val/00006886.jpg,82,31,27,46,69
val/00006887.jpg,22,33,66,1,14
val/00006888.jpg,53,68,72,81,98
val/00006889.jpg,92,77,27,21,79
val/00006890.jpg,26,10,54,91,34
val/00006891.jpg,29,9,97,68,98
val/00006892.jpg,77,29,97,55,98
val/00006893.jpg,84,56,68,97,74
val/00006894.jpg,28,37,14,58,69
val/00006895.jpg,59,16,83,60,70
val/00006896.jpg,74,3,51,60,75
val/00006897.jpg,54,33,70,17,64
val/00006898.jpg,96,84,55,9,46
val/00006899.jpg,30,26,99,82,34
val/00006900.jpg,13,49,30,11,92
val/00006901.jpg,24,81,39,52,19
val/00006902.jpg,65,48,33,78,37
val/00006903.jpg,88,11,13,8,98
val/00006904.jpg,75,87,51,65,15
val/00006905.jpg,17,78,37,45,28
val/00006906.jpg,46,82,31,99,42
val/00006907.jpg,90,7,1,60,91
val/00006908.jpg,9,29,68,67,97
val/00006909.jpg,0,42,32,67,71
val/00006910.jpg,79,77,92,55,21
val/00006911.jpg,79,92,77,55,97
val/00006912.jpg,46,71,42,51,32
val/00006913.jpg,86,39,85,52,71
val/00006914.jpg,51,92,21,79,77
val/00006915.jpg,83,16,89,18,60
val/00006916.jpg,55,57,35,97,68
val/00006917.jpg,60,34,90,7,64
val/00006918.jpg,12,77,92,96,79
val/00006919.jpg,90,1,91,69,63
val/00006920.jpg,81,68,97,35,75
val/00006921.jpg,95,87,2,15,72
val/00006922.jpg,22,14,4,93,88
val/00006923.jpg,82,99,30,86,74
val/00006924.jpg,22,66,15,58,11
val/00006925.jpg,29,68,97,80,9
val/00006926.jpg,97,68,98,29,27
val/00006927.jpg,44,35,55,9,97
val/00006928.jpg,55,98,49,77,68
val/00006929.jpg,99,42,46,82,0
val/00006930.jpg,55,98,97,68,79
val/00006931.jpg,7,23,69,54,89
val/00006932.jpg,0,32,71,30,67
val/00006933.jpg,91,7,20,28,65
val/00006934.jpg,32,67,0,71,61
val/00006935.jpg,60,1,34,90,7
val/00006936.jpg,33,58,8,38,13
val/00006937.jpg,79,35,52,24,55
val/00006938.jpg,10,48,37,78,14
val/00006939.jpg,59,39,19,33,7
val/00006940.jpg,20,91,17,28,10
val/00006941.jpg,8,33,86,14,88
val/00006942.jpg,46,42,99,82,47
val/00006943.jpg,94,3,73,47,74
val/00006944.jpg,60,90,7,22,72
val/00006945.jpg,26,17,10,28,78
val/00006946.jpg,89,76,69,39,63
val/00006947.jpg,3,50,47,37,94
val/00006948.jpg,42,63,13,30,99
val/00006949.jpg,84,68,29,3,39
val/00006950.jpg,80,29,9,0,94
val/00006951.jpg,12,77,92,21,40
val/00006952.jpg,92,77,12,79,21
val/00006953.jpg,81,72,53,46,27
val/00006954.jpg,8,88,2,89,38
val/00006955.jpg,77,92,12,21,79
val/00006956.jpg,86,67,65,39,52
val/00006957.jpg,9,44,29,40,97
val/00006958.jpg,45,63,78,38,59
val/00006959.jpg,79,24,92,94,71
val/00006960.jpg,51,99,21,92,97
val/00006961.jpg,77,21,12,4,27
val/00006962.jpg,63,34,37,78,69
val/00006963.jpg,34,64,88,13,26
val/00006964.jpg,99,27,31,46,42
val/00006965.jpg,92,77,12,21,5
val/00006966.jpg,66,23,64,56,15
val/00006967.jpg,12,77,21,92,40
val/00006968.jpg,9,68,98,97,29
val/00006969.jpg,43,79,26,5,34
val/00006970.jpg,18,16,83,62,54
val/00006971.jpg,36,69,54,14,17
val/00006972.jpg,35,79,55,97,68
val/00006973.jpg,94,67,71,32,0
val/00006974.jpg,69,89,0,49,41
val/00006975.jpg,10,28,45,13,91
val/00006976.jpg,65,86,48,3,27
val/00006977.jpg,43,97,79,52,68
val/00006978.jpg,26,17,34,20,28
val/00006979.jpg,78,48,37,13,45
val/00006980.jpg,70,33,45,17,62
val/00006981.jpg,44,97,9,29,68
val/00006982.jpg,54,17,34,26,7
val/00006983.jpg,18,10,17,6,28
val/00006984.jpg,39,96,86,24,7
val/00006985.jpg,12,77,92,40,21
val/00006986.jpg,92,79,77,40,21
val/00006987.jpg,75,2,72,49,52
val/00006988.jpg,2,96,30,39,86
val/00006989.jpg,79,35,93,43,52
val/00006990.jpg,91,28,20,10,48
val/00006991.jpg,30,96,99,46,49
val/00006992.jpg,23,7,69,66,89
val/00006993.jpg,92,79,77,24,21
val/00006994.jpg,41,89,63,64,69
val/00006995.jpg,28,58,10,91,20
val/00006996.jpg,27,96,77,99,30
val/00006997.jpg,74,86,3,27,39
val/00006998.jpg,44,53,35,46,61
val/00006999.jpg,92,12,30,99,49
val/00007000.jpg,83,16,89,60,18
val/00007001.jpg,83,44,96,6,34
val/00007002.jpg,45,63,11,62,13
val/00007003.jpg,85,39,52,24,79
val/00007004.jpg,65,99,21,30,91
val/00007005.jpg,89,69,3,39,42
val/00007006.jpg,93,55,49,35,52
val/00007007.jpg,77,92,21,12,79
val/00007008.jpg,83,16,89,64,18
val/00007009.jpg,46,99,72,2,96
val/00007010.jpg,94,34,65,3,67
val/00007011.jpg,63,17,62,45,37
val/00007012.jpg,79,35,43,97,52
val/00007013.jpg,72,53,24,56,50
val/00007014.jpg,21,77,79,92,97
val/00007015.jpg,25,13,1,48,63
val/00007016.jpg,38,70,78,17,63
val/00007017.jpg,32,24,79,0,71
val/00007018.jpg,14,88,13,78,11
val/00007019.jpg,93,49,42,31,55
val/00007020.jpg,17,63,70,64,34
val/00007021.jpg,17,40,69,77,10
val/00007022.jpg,80,5,0,2,9
val/00007023.jpg,83,16,89,69,18
val/00007024.jpg,48,37,63,1,14
val/00007025.jpg,58,70,37,65,7
val/00007026.jpg,47,50,72,90,53
val/00007027.jpg,2,92,43,79,39
val/00007028.jpg,10,26,37,18,78
val/00007029.jpg,56,84,31,42,74
val/00007030.jpg,17,54,70,58,33
val/00007031.jpg,91,28,10,65,34
val/00007032.jpg,4,57,98,35,61
val/00007033.jpg,32,67,71,42,0
val/00007034.jpg,96,55,9,29,98
val/00007035.jpg,33,48,17,37,58
val/00007036.jpg,97,68,29,9,98
val/00007037.jpg,61,32,67,0,71
val/00007038.jpg,4,98,55,29,80
val/00007039.jpg,76,89,90,82,24
val/00007040.jpg,86,88,27,80,14
val/00007041.jpg,95,75,47,3,23
val/00007042.jpg,84,43,46,79,97
val/00007043.jpg,25,19,74,16,73
val/00007044.jpg,24,3,39,52,92
val/00007045.jpg,12,77,92,27,21
val/00007046.jpg,82,86,7,39,90
val/00007047.jpg,82,27,39,99,86
val/00007048.jpg,22,81,53,72,1
val/00007049.jpg,50,53,72,39,52
val/00007050.jpg,4,36,88,69,14
val/00007051.jpg,84,68,98,97,57
val/00007052.jpg,77,96,40,21,92
val/00007053.jpg,17,70,34,37,26
val/00007054.jpg,73,6,50,34,10
val/00007055.jpg,17,34,37,50,74
val/00007056.jpg,72,52,53,79,43
val/00007057.jpg,25,64,90,66,1
val/00007058.jpg,40,92,97,98,99
val/00007059.jpg,99,74,30,27,82
val/00007060.jpg,5,24,43,79,0
val/00007061.jpg,91,20,58,33,70
val/00007062.jpg,81,75,27,57,98
val/00007063.jpg,39,19,52,32,47
val/00007064.jpg,99,46,30,74,2
val/00007065.jpg,25,38,70,1,13
val/00007066.jpg,54,70,17,33,45
val/00007067.jpg,30,39,96,1,43
val/00007068.jpg,55,79,49,68,92
val/00007069.jpg,95,74,25,3,65
val/00007070.jpg,17,54,34,64,70
val/00007071.jpg,81,72,50,19,46
val/00007072.jpg,86,94,65,49,67
val/00007073.jpg,36,7,25,72,19
val/00007074.jpg,6,17,69,34,60
val/00007075.jpg,79,83,43,16,61
val/00007076.jpg,27,55,93,79,98
val/00007077.jpg,54,70,18,62,17
val/00007078.jpg,99,21,92,30,77
val/00007079.jpg,82,31,32,99,30
val/00007080.jpg,22,1,56,90,74
val/00007081.jpg,7,47,39,36,73
val/00007082.jpg,6,69,17,34,33
val/00007083.jpg,52,43,79,35,24
val/00007084.jpg,89,96,41,42,76
val/00007085.jpg,48,65,28,3,34
val/00007086.jpg,30,82,96,9,2
val/00007087.jpg,61,35,24,52,79
val/00007088.jpg,17,26,37,20,78
val/00007089.jpg,58,6,74,50,73
val/00007090.jpg,46,96,76,39,99
val/00007091.jpg,12,27,92,77,74
val/00007092.jpg,66,15,88,11,69
val/00007093.jpg,7,89,76,39,69
val/00007094.jpg,33,70,38,17,64
val/00007095.jpg,61,35,52,79,19
val/00007096.jpg,77,79,21,97,92
val/00007097.jpg,22,90,11,1,69
val/00007098.jpg,10,4,26,48,78
val/00007099.jpg,75,97,27,5,68
val/00007100.jpg,47,72,76,53,46
val/00007101.jpg,1,90,50,60,72
val/00007102.jpg,25,1,19,70,7
val/00007103.jpg,98,68,97,77,29
val/00007104.jpg,35,98,68,97,79
val/00007105.jpg,29,84,68,97,86
val/00007106.jpg,43,24,5,79,97
val/00007107.jpg,18,62,16,54,45
val/00007108.jpg,28,26,91,65,10
val/00007109.jpg,51,92,79,99,77
val/00007110.jpg,22,8,88,14,38
val/00007111.jpg,12,92,77,40,21
val/00007112.jpg,25,1,72,50,74
val/00007113.jpg,60,69,89,90,6
val/00007114.jpg,54,18,17,7,70
val/00007115.jpg,61,3,15,67,74
val/00007116.jpg,86,96,39,2,72
val/00007117.jpg,83,29,69,0,30
val/00007118.jpg,29,68,97,98,9
val/00007119.jpg,85,34,89,10,69
val/00007120.jpg,32,0,71,67,94
val/00007121.jpg,2,9,29,35,44
val/00007122.jpg,94,67,71,3,32
val/00007123.jpg,0,42,71,32,69
val/00007124.jpg,42,71,0,67,32
val/00007125.jpg,22,1,14,64,38
val/00007126.jpg,35,61,97,51,79
val/00007127.jpg,14,20,37,28,10
val/00007128.jpg,27,57,81,68,98
val/00007129.jpg,83,16,18,59,60
val/00007130.jpg,8,38,33,88,2
val/00007131.jpg,74,86,39,58,54
val/00007132.jpg,30,82,99,0,40
val/00007133.jpg,57,84,68,35,31
val/00007134.jpg,26,17,34,10,37
val/00007135.jpg,91,23,76,87,75
val/00007136.jpg,91,20,28,10,7
val/00007137.jpg,49,42,94,21,89
val/00007138.jpg,10,48,28,78,37
val/00007139.jpg,5,80,24,79,43
val/00007140.jpg,49,53,93,46,74
val/00007141.jpg,84,68,31,97,67
val/00007142.jpg,24,52,85,39,79
val/00007143.jpg,90,41,76,1,25
val/00007144.jpg,56,84,66,74,49
val/00007145.jpg,6,69,34,89,18
val/00007146.jpg,36,75,81,69,7
val/00007147.jpg,8,14,4,13,11
val/00007148.jpg,57,35,52,68,81
val/00007149.jpg,78,48,10,13,59
val/00007150.jpg,42,89,99,46,82
val/00007151.jpg,28,26,91,10,20
val/00007152.jpg,1,8,90,7,69
val/00007153.jpg,47,7,72,69,39
val/00007154.jpg,80,29,44,9,97
val/00007155.jpg,94,89,39,69,67
val/00007156.jpg,10,28,21,26,65
val/00007157.jpg,73,89,86,36,69
val/00007158.jpg,1,24,39,81,90
val/00007159.jpg,80,29,35,68,97
val/00007160.jpg,23,66,64,20,7
val/00007161.jpg,95,74,15,87,49
val/00007162.jpg,4,99,77,21,18
val/00007163.jpg,37,70,10,48,59
val/00007164.jpg,32,49,30,71,42
val/00007165.jpg,49,93,55,27,39
val/00007166.jpg,74,39,86,46,96
val/00007167.jpg,45,38,78,33,63
val/00007168.jpg,17,6,37,78,70
val/00007169.jpg,92,77,21,12,27
val/00007170.jpg,78,45,38,63,33
val/00007171.jpg,27,35,61,97,79
val/00007172.jpg,58,33,48,10,91
val/00007173.jpg,58,33,17,28,48
val/00007174.jpg,66,6,69,34,56
val/00007175.jpg,66,64,23,90,26
val/00007176.jpg,36,7,39,86,69
val/00007177.jpg,23,66,75,17,33
val/00007178.jpg,94,67,19,7,86
val/00007179.jpg,80,29,5,97,94
val/00007180.jpg,58,33,10,28,13
val/00007181.jpg,86,96,82,83,43
val/00007182.jpg,10,37,78,48,28
val/00007183.jpg,0,32,67,71,42
val/00007184.jpg,14,78,48,37,45
val/00007185.jpg,44,35,97,68,79
val/00007186.jpg,40,27,61,77,30
val/00007187.jpg,89,69,14,37,63
val/00007188.jpg,4,35,55,93,98
val/00007189.jpg,73,34,94,69,41
val/00007190.jpg,72,46,53,25,47
val/00007191.jpg,36,81,39,19,25
val/00007192.jpg,6,69,10,34,17
val/00007193.jpg,80,29,44,97,9
val/00007194.jpg,0,71,32,42,85
val/00007195.jpg,34,17,60,70,7
val/00007196.jpg,29,9,97,44,68
val/00007197.jpg,17,26,34,54,70
val/00007198.jpg,25,36,27,72,7
val/00007199.jpg,99,96,46,74,86
val/00007200.jpg,71,32,67,0,42
val/00007201.jpg,19,76,39,72,81
val/00007202.jpg,90,63,41,69,1
val/00007203.jpg,75,87,51,15,97
val/00007204.jpg,90,73,1,34,76
val/00007205.jpg,82,89,31,76,94
val/00007206.jpg,64,90,41,66,60
val/00007207.jpg,21,99,49,30,92
val/00007208.jpg,44,9,97,98,68
val/00007209.jpg,16,83,18,89,54
val/00007210.jpg,38,33,13,78,45
val/00007211.jpg,29,26,17,98,9
val/00007212.jpg,6,34,69,20,17
val/00007213.jpg,23,66,22,33,95
val/00007214.jpg,29,97,68,77,79
val/00007215.jpg,96,40,44,9,86
val/00007216.jpg,73,50,47,41,37
val/00007217.jpg,40,97,68,82,98
val/00007218.jpg,83,16,60,18,6
val/00007219.jpg,36,7,14,88,34
val/00007220.jpg,41,0,89,42,69
val/00007221.jpg,67,0,71,32,42
val/00007222.jpg,97,0,68,31,32
val/00007223.jpg,61,53,85,24,32
val/00007224.jpg,42,0,67,32,71
val/00007225.jpg,69,89,23,26,94
val/00007226.jpg,38,64,70,22,33
val/00007227.jpg,99,31,49,42,93
val/00007228.jpg,17,37,78,14,45
val/00007229.jpg,18,62,26,17,69
val/00007230.jpg,41,63,69,89,11
val/00007231.jpg,86,33,8,58,14
val/00007232.jpg,9,97,55,43,79
val/00007233.jpg,61,32,82,99,46
val/00007234.jpg,3,65,86,34,94
val/00007235.jpg,79,61,92,35,24
val/00007236.jpg,9,29,44,97,98
val/00007237.jpg,96,39,61,55,18
val/00007238.jpg,70,38,17,62,37
val/00007239.jpg,51,15,21,75,77
val/00007240.jpg,23,66,22,56,1
val/00007241.jpg,89,41,63,69,20
val/00007242.jpg,14,37,78,48,17
val/00007243.jpg,28,48,37,34,20
val/00007244.jpg,94,67,71,32,42
val/00007245.jpg,93,49,86,42,99
val/00007246.jpg,2,71,30,0,67
val/00007247.jpg,68,97,98,29,44
val/00007248.jpg,30,74,49,99,46
val/00007249.jpg,5,24,43,76,79
val/00007250.jpg,33,58,38,13,48
val/00007251.jpg,96,99,92,40,77
val/00007252.jpg,58,33,22,48,38
val/00007253.jpg,35,57,52,55,80
val/00007254.jpg,82,68,97,31,29
val/00007255.jpg,47,99,46,82,72
val/00007256.jpg,79,92,77,97,68
val/00007257.jpg,41,64,89,63,25
val/00007258.jpg,92,79,30,51,21
val/00007259.jpg,26,64,34,65,48
val/00007260.jpg,7,19,54,86,65
val/00007261.jpg,7,69,20,89,91
val/00007262.jpg,42,0,71,32,5
val/00007263.jpg,8,2,76,88,24
val/00007264.jpg,12,40,77,21,92
val/00007265.jpg,26,54,4,17,10
val/00007266.jpg,57,35,19,68,79
val/00007267.jpg,47,50,73,76,31
val/00007268.jpg,30,99,82,21,96
val/00007269.jpg,26,10,28,78,65
val/00007270.jpg,42,46,99,49,21
val/00007271.jpg,11,22,8,56,66
val/00007272.jpg,6,63,69,34,1
val/00007273.jpg,41,89,69,6,90
val/00007274.jpg,18,69,89,6,16
val/00007275.jpg,1,90,50,48,63
val/00007276.jpg,40,97,44,51,21
val/00007277.jpg,27,31,82,99,32
val/00007278.jpg,27,51,30,92,0
val/00007279.jpg,94,67,3,71,42
val/00007280.jpg,96,27,99,82,77
val/00007281.jpg,11,66,8,22,88
val/00007282.jpg,83,43,41,64,79
val/00007283.jpg,64,23,17,70,6
val/00007284.jpg,90,25,1,60,41
val/00007285.jpg,17,58,70,37,34
val/00007286.jpg,9,29,97,80,68
val/00007287.jpg,2,67,39,71,87
val/00007288.jpg,0,32,71,42,67
val/00007289.jpg,96,74,99,76,30
val/00007290.jpg,0,5,42,71,24
val/00007291.jpg,76,46,99,49,74
val/00007292.jpg,22,63,11,1,90
val/00007293.jpg,89,69,63,16,6
val/00007294.jpg,27,99,46,72,74
val/00007295.jpg,99,21,42,46,82
val/00007296.jpg,66,56,1,54,64
val/00007297.jpg,77,79,55,92,80
val/00007298.jpg,85,52,24,39,79
val/00007299.jpg,98,68,97,9,29
val/00007300.jpg,53,72,46,27,96
val/00007301.jpg,85,49,30,32,61
val/00007302.jpg,61,32,67,0,71
val/00007303.jpg,85,71,24,0,3
val/00007304.jpg,7,65,19,48,34
val/00007305.jpg,4,77,21,40,98
val/00007306.jpg,72,99,46,50,42
val/00007307.jpg,49,71,30,21,67
val/00007308.jpg,84,68,97,57,98
val/00007309.jpg,51,31,99,82,97
val/00007310.jpg,62,70,18,54,17
val/00007311.jpg,36,85,34,86,39
val/00007312.jpg,66,33,54,64,58
val/00007313.jpg,25,34,74,69,1
val/00007314.jpg,47,73,50,37,65
val/00007315.jpg,17,6,34,69,20
val/00007316.jpg,77,21,12,92,97
val/00007317.jpg,57,84,56,19,55
val/00007318.jpg,87,15,75,2,95
val/00007319.jpg,44,98,29,9,97
val/00007320.jpg,4,88,57,55,69
val/00007321.jpg,84,68,85,98,39
val/00007322.jpg,47,50,72,73,64
val/00007323.jpg,95,87,23,15,56
val/00007324.jpg,89,83,16,1,69
val/00007325.jpg,50,31,78,93,37
val/00007326.jpg,63,1,38,78,70
val/00007327.jpg,42,41,69,63,71
val/00007328.jpg,64,16,83,18,8
val/00007329.jpg,74,3,49,27,19
val/00007330.jpg,63,1,48,78,37
val/00007331.jpg,75,95,87,15,2
val/00007332.jpg,31,82,99,46,27
val/00007333.jpg,85,39,53,24,40
val/00007334.jpg,19,52,84,79,3
val/00007335.jpg,62,17,70,45,63
val/00007336.jpg,73,86,74,49,3
val/00007337.jpg,23,88,66,8,14
val/00007338.jpg,55,27,79,96,98
val/00007339.jpg,1,22,37,48,50
val/00007340.jpg,62,18,45,59,70
val/00007341.jpg,95,74,87,15,23
val/00007342.jpg,50,56,1,81,72
val/00007343.jpg,23,66,88,11,8
val/00007344.jpg,70,7,50,19,72
val/00007345.jpg,33,48,34,54,64
val/00007346.jpg,52,35,61,79,19
val/00007347.jpg,12,77,21,40,92
val/00007348.jpg,24,5,79,0,39
val/00007349.jpg,61,35,67,32,52
val/00007350.jpg,4,57,1,24,88
val/00007351.jpg,27,75,87,74,3
val/00007352.jpg,56,58,74,84,66
val/00007353.jpg,28,10,78,58,26
val/00007354.jpg,49,21,92,79,55
val/00007355.jpg,58,33,48,65,7
val/00007356.jpg,58,33,48,70,54
val/00007357.jpg,99,46,65,42,82
val/00007358.jpg,79,49,24,0,55
val/00007359.jpg,76,46,72,47,53
val/00007360.jpg,35,93,55,43,4
val/00007361.jpg,17,16,10,83,54
val/00007362.jpg,83,16,60,59,54
val/00007363.jpg,76,46,21,82,24
val/00007364.jpg,53,50,72,81,76
val/00007365.jpg,74,51,75,99,30
val/00007366.jpg,70,54,33,59,7
val/00007367.jpg,19,50,3,84,74
val/00007368.jpg,19,69,89,7,39
val/00007369.jpg,76,79,77,92,24
val/00007370.jpg,12,77,40,21,92
val/00007371.jpg,92,77,40,12,79
val/00007372.jpg,42,0,71,67,41
val/00007373.jpg,52,43,79,19,24
val/00007374.jpg,92,77,12,21,79
val/00007375.jpg,53,72,81,68,97
val/00007376.jpg,48,1,13,63,78
val/00007377.jpg,72,53,81,76,39
val/00007378.jpg,88,8,14,78,23
val/00007379.jpg,89,1,41,24,69
val/00007380.jpg,29,9,97,68,44
val/00007381.jpg,60,17,70,6,54
val/00007382.jpg,63,42,78,44,27
val/00007383.jpg,53,72,81,76,24
val/00007384.jpg,82,99,21,31,46
val/00007385.jpg,78,45,63,13,33
val/00007386.jpg,29,96,40,9,86
val/00007387.jpg,37,69,26,20,63
val/00007388.jpg,16,62,83,63,18
val/00007389.jpg,1,63,13,48,11
val/00007390.jpg,57,84,68,35,4
val/00007391.jpg,9,44,29,97,2
val/00007392.jpg,88,98,36,4,27
val/00007393.jpg,95,56,74,3,49
val/00007394.jpg,83,89,69,16,39
val/00007395.jpg,30,74,75,99,51
val/00007396.jpg,49,71,32,67,56
val/00007397.jpg,51,74,27,40,21
val/00007398.jpg,92,40,77,12,21
val/00007399.jpg,55,4,93,54,49
val/00007400.jpg,93,49,55,31,4
val/00007401.jpg,13,11,78,63,48
val/00007402.jpg,48,10,14,78,37
val/00007403.jpg,37,10,20,14,48
val/00007404.jpg,30,51,99,75,87
val/00007405.jpg,71,0,67,42,49
val/00007406.jpg,29,97,68,9,53
val/00007407.jpg,52,3,79,85,71
val/00007408.jpg,59,70,63,60,16
val/00007409.jpg,59,63,13,45,11
val/00007410.jpg,82,49,46,99,42
val/00007411.jpg,54,70,62,33,18
val/00007412.jpg,1,69,24,63,90
val/00007413.jpg,61,67,0,35,71
val/00007414.jpg,76,24,82,99,46
val/00007415.jpg,13,17,14,11,8
val/00007416.jpg,22,64,90,1,60
val/00007417.jpg,72,53,46,47,50
val/00007418.jpg,18,60,62,59,69
val/00007419.jpg,5,0,24,80,30
val/00007420.jpg,21,77,92,40,30
val/00007421.jpg,16,83,18,64,59
val/00007422.jpg,65,91,48,26,28
val/00007423.jpg,32,0,67,72,42
val/00007424.jpg,25,78,45,37,1
val/00007425.jpg,13,78,14,65,48
val/00007426.jpg,39,86,96,74,76
val/00007427.jpg,99,21,77,51,40
val/00007428.jpg,98,68,81,35,97
val/00007429.jpg,66,54,7,26,23
val/00007430.jpg,40,99,91,65,21
val/00007431.jpg,29,97,9,68,98
val/00007432.jpg,45,63,62,13,78
val/00007433.jpg,56,42,74,46,50
val/00007434.jpg,4,93,49,35,57
val/00007435.jpg,39,16,89,83,19
val/00007436.jpg,80,35,29,5,68
val/00007437.jpg,57,35,80,19,79
val/00007438.jpg,48,91,65,28,10
val/00007439.jpg,86,2,29,9,97
val/00007440.jpg,31,46,99,72,42
val/00007441.jpg,56,84,43,46,49
val/00007442.jpg,58,33,28,91,3
val/00007443.jpg,85,39,71,42,0
val/00007444.jpg,87,75,15,51,2
val/00007445.jpg,51,15,87,75,99
val/00007446.jpg,88,8,14,11,23
val/00007447.jpg,3,74,39,24,79
val/00007448.jpg,11,13,64,38,8
val/00007449.jpg,17,54,66,26,34
val/00007450.jpg,56,84,75,94,74
val/00007451.jpg,73,50,20,37,14
val/00007452.jpg,29,9,80,68,97
val/00007453.jpg,66,1,69,33,7
val/00007454.jpg,21,77,97,99,51
val/00007455.jpg,88,8,11,23,14
val/00007456.jpg,50,72,42,86,47
val/00007457.jpg,43,79,5,55,24
val/00007458.jpg,42,32,71,67,0
val/00007459.jpg,34,64,58,13,66
val/00007460.jpg,37,14,23,78,17
val/00007461.jpg,34,64,17,26,60
val/00007462.jpg,9,97,29,68,44
val/00007463.jpg,94,67,71,31,3
val/00007464.jpg,70,59,45,62,17
val/00007465.jpg,19,39,52,61,24
val/00007466.jpg,21,65,99,30,42
val/00007467.jpg,32,67,71,0,42
val/00007468.jpg,88,28,8,34,13
val/00007469.jpg,53,35,79,44,61
val/00007470.jpg,82,99,31,46,24
val/00007471.jpg,5,24,0,71,43
val/00007472.jpg,14,28,94,65,78
val/00007473.jpg,11,34,88,14,69
val/00007474.jpg,37,14,48,63,78
val/00007475.jpg,52,27,35,72,81
val/00007476.jpg,66,17,70,64,34
val/00007477.jpg,19,27,52,72,84
val/00007478.jpg,33,54,58,70,17
val/00007479.jpg,92,40,79,99,77
val/00007480.jpg,86,77,4,40,65
val/00007481.jpg,63,41,69,45,89
val/00007482.jpg,92,79,24,43,5
val/00007483.jpg,68,29,98,97,27
val/00007484.jpg,85,43,39,52,79
val/00007485.jpg,28,65,26,8,87
val/00007486.jpg,4,88,14,11,69
val/00007487.jpg,74,50,46,49,73
val/00007488.jpg,92,27,79,77,21
val/00007489.jpg,80,44,29,9,97
val/00007490.jpg,87,2,15,8,88
val/00007491.jpg,96,86,77,29,80
val/00007492.jpg,66,23,95,87,64
val/00007493.jpg,46,30,99,21,42
val/00007494.jpg,13,38,18,8,54
val/00007495.jpg,74,51,15,73,75
val/00007496.jpg,42,71,2,67,32
val/00007497.jpg,6,69,17,34,70
val/00007498.jpg,94,67,71,31,32
val/00007499.jpg,48,1,60,22,33
val/00007500.jpg,56,84,74,46,66
val/00007501.jpg,49,55,79,35,98
val/00007502.jpg,84,79,56,74,27
val/00007503.jpg,84,56,3,34,39
val/00007504.jpg,32,94,0,67,82
val/00007505.jpg,36,94,24,79,14
val/00007506.jpg,24,5,42,79,89
val/00007507.jpg,95,15,87,75,74
val/00007508.jpg,22,72,53,56,76
val/00007509.jpg,88,4,36,49,69
val/00007510.jpg,99,46,31,93,42
val/00007511.jpg,99,30,32,42,87
val/00007512.jpg,0,71,32,42,67
val/00007513.jpg,27,97,51,75,68
val/00007514.jpg,88,4,8,11,22
val/00007515.jpg,89,19,69,90,76
val/00007516.jpg,74,99,86,46,21
val/00007517.jpg,97,68,98,53,40
val/00007518.jpg,41,90,64,63,69
val/00007519.jpg,63,69,26,28,13
val/00007520.jpg,14,78,48,13,37
val/00007521.jpg,17,78,13,26,37
val/00007522.jpg,44,35,40,97,69
val/00007523.jpg,94,67,31,3,71
val/00007524.jpg,85,39,3,24,52
val/00007525.jpg,3,39,40,74,85
val/00007526.jpg,34,6,69,26,17
val/00007527.jpg,93,49,42,46,99
val/00007528.jpg,56,84,13,49,30
val/00007529.jpg,9,29,97,68,98
val/00007530.jpg,8,38,33,13,88
val/00007531.jpg,23,66,95,15,22
val/00007532.jpg,45,62,78,37,59
val/00007533.jpg,30,51,99,75,74
val/00007534.jpg,18,54,62,17,16
val/00007535.jpg,64,90,7,69,4
val/00007536.jpg,46,72,99,53,27
val/00007537.jpg,83,10,57,54,4
val/00007538.jpg,45,62,59,63,78
val/00007539.jpg,7,54,91,34,26
val/00007540.jpg,1,22,90,63,41
val/00007541.jpg,63,13,17,69,45
val/00007542.jpg,81,75,15,72,87
val/00007543.jpg,88,4,8,98,49
val/00007544.jpg,6,58,90,69,64
val/00007545.jpg,87,15,95,51,75
val/00007546.jpg,89,69,83,16,39
val/00007547.jpg,93,49,55,99,3
val/00007548.jpg,7,19,33,54,20
val/00007549.jpg,15,87,81,76,95
val/00007550.jpg,60,7,72,50,46
val/00007551.jpg,10,48,37,60,91
val/00007552.jpg,92,77,5,79,21
val/00007553.jpg,55,98,4,9,97
val/00007554.jpg,31,82,24,2,74
val/00007555.jpg,21,99,29,79,55
val/00007556.jpg,10,54,26,37,78
val/00007557.jpg,80,35,55,79,61
val/00007558.jpg,92,77,12,79,21
val/00007559.jpg,94,31,67,71,82
val/00007560.jpg,91,7,28,48,20
val/00007561.jpg,62,63,45,42,18
val/00007562.jpg,85,39,71,3,49
val/00007563.jpg,43,5,24,79,49
val/00007564.jpg,70,54,17,33,60
val/00007565.jpg,60,50,91,90,1
val/00007566.jpg,89,18,69,62,45
val/00007567.jpg,52,19,57,35,79
val/00007568.jpg,40,51,77,27,75
val/00007569.jpg,35,61,52,79,19
val/00007570.jpg,23,66,17,70,37
val/00007571.jpg,82,99,73,89,76
val/00007572.jpg,49,79,30,93,21
val/00007573.jpg,44,9,97,35,29
val/00007574.jpg,58,33,28,91,65
val/00007575.jpg,13,78,29,80,69
val/00007576.jpg,70,54,59,37,17
val/00007577.jpg,88,3,8,14,49
val/00007578.jpg,60,64,34,83,90
val/00007579.jpg,20,63,34,28,69
val/00007580.jpg,69,17,45,89,34
val/00007581.jpg,18,62,54,45,16
val/00007582.jpg,18,8,69,6,38
val/00007583.jpg,37,1,60,34,59
val/00007584.jpg,49,3,85,71,56
val/00007585.jpg,40,12,77,21,92
val/00007586.jpg,60,91,7,54,34
val/00007587.jpg,11,8,22,66,88
val/00007588.jpg,85,39,72,52,24
val/00007589.jpg,17,34,64,54,6
val/00007590.jpg,17,54,26,10,59
val/00007591.jpg,76,24,82,90,39
val/00007592.jpg,10,37,48,34,20
val/00007593.jpg,16,83,18,6,69
val/00007594.jpg,25,50,36,7,74
val/00007595.jpg,82,73,31,99,32
val/00007596.jpg,44,9,96,40,39
val/00007597.jpg,56,84,95,72,75
val/00007598.jpg,61,52,79,24,67
val/00007599.jpg,42,32,99,0,46
val/00007600.jpg,93,49,31,55,3
val/00007601.jpg,67,71,94,49,42
val/00007602.jpg,91,10,26,28,20
val/00007603.jpg,27,74,99,46,73
val/00007604.jpg,71,32,0,67,85
val/00007605.jpg,17,6,70,66,33
val/00007606.jpg,54,70,17,33,58
val/00007607.jpg,47,39,7,72,69
val/00007608.jpg,23,66,95,37,19
val/00007609.jpg,87,15,2,95,75
val/00007610.jpg,57,68,35,80,84
val/00007611.jpg,41,64,63,42,38
val/00007612.jpg,98,68,97,4,57
val/00007613.jpg,87,88,34,14,47
val/00007614.jpg,72,19,22,86,7
val/00007615.jpg,83,16,6,64,69
val/00007616.jpg,11,13,38,8,78
val/00007617.jpg,58,33,70,54,17
val/00007618.jpg,62,18,45,54,70
val/00007619.jpg,77,21,82,92,91
val/00007620.jpg,91,28,20,10,48
val/00007621.jpg,83,69,16,26,54
val/00007622.jpg,52,79,72,8,85
val/00007623.jpg,9,80,29,44,96
val/00007624.jpg,78,45,62,13,10
val/00007625.jpg,52,19,24,79,39
val/00007626.jpg,39,52,79,72,86
val/00007627.jpg,18,89,62,69,6
val/00007628.jpg,28,65,91,26,6
val/00007629.jpg,53,68,97,98,35
val/00007630.jpg,63,1,42,69,78
val/00007631.jpg,90,64,73,60,74
val/00007632.jpg,82,31,99,46,32
val/00007633.jpg,58,54,33,86,17
val/00007634.jpg,58,91,48,20,22
val/00007635.jpg,13,58,28,33,48
val/00007636.jpg,34,26,60,65,64
val/00007637.jpg,64,63,6,69,90
val/00007638.jpg,89,41,42,0,18
val/00007639.jpg,61,82,32,31,99
val/00007640.jpg,94,67,71,49,32
val/00007641.jpg,7,72,25,19,46
val/00007642.jpg,90,41,50,63,1
val/00007643.jpg,10,78,26,37,48
val/00007644.jpg,61,32,49,52,67
val/00007645.jpg,17,69,19,83,34
val/00007646.jpg,93,60,69,19,50
val/00007647.jpg,41,11,25,1,13
val/00007648.jpg,0,32,67,71,42
val/00007649.jpg,99,87,21,4,77
val/00007650.jpg,22,64,88,66,74
val/00007651.jpg,9,97,29,92,21
val/00007652.jpg,91,65,28,26,10
val/00007653.jpg,81,35,52,24,57
val/00007654.jpg,91,65,28,26,10
val/00007655.jpg,26,78,18,54,69
val/00007656.jpg,96,43,5,29,9
val/00007657.jpg,70,54,33,17,7
val/00007658.jpg,40,44,97,61,77
val/00007659.jpg,93,49,55,4,13
val/00007660.jpg,68,84,97,29,98
val/00007661.jpg,55,27,92,97,68
val/00007662.jpg,12,92,77,21,79
val/00007663.jpg,90,76,1,24,41
val/00007664.jpg,56,84,30,71,85
val/00007665.jpg,29,97,68,9,80
val/00007666.jpg,51,97,75,68,40
val/00007667.jpg,17,26,34,37,70
val/00007668.jpg,55,98,79,68,96
val/00007669.jpg,61,67,35,52,79
val/00007670.jpg,53,68,97,98,35
val/00007671.jpg,8,13,11,38,33
val/00007672.jpg,73,41,59,64,83
val/00007673.jpg,29,77,27,55,79
val/00007674.jpg,40,77,21,12,4
val/00007675.jpg,20,28,10,91,37
val/00007676.jpg,98,68,97,77,53
val/00007677.jpg,74,27,86,3,94
val/00007678.jpg,17,6,34,14,58
val/00007679.jpg,32,67,71,0,42
val/00007680.jpg,38,70,33,58,78
val/00007681.jpg,13,69,11,63,10
val/00007682.jpg,3,40,39,24,85
val/00007683.jpg,51,97,75,79,92
val/00007684.jpg,31,68,97,27,84
val/00007685.jpg,79,24,43,49,55
val/00007686.jpg,55,84,97,68,35
val/00007687.jpg,83,16,64,60,6
val/00007688.jpg,5,24,71,0,42
val/00007689.jpg,22,90,69,33,11
val/00007690.jpg,74,18,46,99,89
val/00007691.jpg,54,30,13,17,96
val/00007692.jpg,88,14,8,65,34
val/00007693.jpg,72,7,46,50,70
val/00007694.jpg,26,34,65,28,10
val/00007695.jpg,26,34,65,28,91
val/00007696.jpg,5,0,24,32,30
val/00007697.jpg,25,41,89,63,38
val/00007698.jpg,22,70,38,64,8
val/00007699.jpg,41,80,0,69,5
val/00007700.jpg,2,8,71,67,94
val/00007701.jpg,10,48,37,28,14
val/00007702.jpg,32,67,71,0,42
val/00007703.jpg,41,90,63,25,69
val/00007704.jpg,44,35,55,80,86
val/00007705.jpg,4,69,93,1,34
val/00007706.jpg,35,79,43,57,55
val/00007707.jpg,25,1,63,78,37
val/00007708.jpg,34,50,26,10,37
val/00007709.jpg,13,48,78,11,37
val/00007710.jpg,24,76,79,92,19
val/00007711.jpg,12,77,92,21,99
val/00007712.jpg,1,90,91,60,7
val/00007713.jpg,65,91,26,28,10
val/00007714.jpg,51,40,15,75,21
val/00007715.jpg,18,62,45,17,26
val/00007716.jpg,67,29,94,68,80
val/00007717.jpg,87,2,88,8,3
val/00007718.jpg,49,74,12,42,39
val/00007719.jpg,24,79,5,76,53
val/00007720.jpg,42,37,49,32,63
val/00007721.jpg,19,81,4,52,93
val/00007722.jpg,70,63,38,54,64
val/00007723.jpg,54,33,70,38,17
val/00007724.jpg,30,82,32,99,73
val/00007725.jpg,50,73,47,37,72
val/00007726.jpg,83,16,64,82,73
val/00007727.jpg,29,9,97,68,53
val/00007728.jpg,30,32,82,61,31
val/00007729.jpg,25,73,90,14,41
val/00007730.jpg,19,50,72,53,52
val/00007731.jpg,18,89,41,69,73
val/00007732.jpg,4,93,57,80,69
val/00007733.jpg,10,4,37,48,78
val/00007734.jpg,55,98,77,79,97
val/00007735.jpg,78,93,37,31,42
val/00007736.jpg,95,87,2,15,75
val/00007737.jpg,43,79,24,5,97
val/00007738.jpg,42,63,0,71,78
val/00007739.jpg,42,5,2,71,67
val/00007740.jpg,64,63,73,90,41
val/00007741.jpg,30,82,99,31,32
val/00007742.jpg,99,82,21,30,77
val/00007743.jpg,62,45,18,63,89
val/00007744.jpg,26,10,28,17,20
val/00007745.jpg,11,34,14,26,17
val/00007746.jpg,51,99,21,30,97
val/00007747.jpg,27,99,31,82,46
val/00007748.jpg,71,67,32,94,49
val/00007749.jpg,64,34,20,60,66
val/00007750.jpg,10,37,48,20,26
val/00007751.jpg,74,30,75,87,86
val/00007752.jpg,46,99,27,72,82
val/00007753.jpg,96,77,99,30,21
val/00007754.jpg,86,96,39,76,74
val/00007755.jpg,57,4,81,1,79
val/00007756.jpg,3,24,85,89,39
val/00007757.jpg,57,84,56,68,98
val/00007758.jpg,69,7,26,10,19
val/00007759.jpg,15,87,95,75,74
val/00007760.jpg,44,97,29,9,2
val/00007761.jpg,21,99,30,77,27
val/00007762.jpg,1,25,48,22,90
val/00007763.jpg,33,66,58,70,54
val/00007764.jpg,81,35,61,3,24
val/00007765.jpg,6,69,63,17,34
val/00007766.jpg,79,43,55,35,24
val/00007767.jpg,68,98,97,27,31
val/00007768.jpg,93,4,69,66,58
val/00007769.jpg,40,77,21,4,96
val/00007770.jpg,15,87,95,74,51
val/00007771.jpg,68,97,98,29,86
val/00007772.jpg,43,19,79,27,4
val/00007773.jpg,57,4,98,68,35
val/00007774.jpg,9,2,43,29,97
val/00007775.jpg,19,43,79,93,31
val/00007776.jpg,65,91,48,86,28
val/00007777.jpg,56,52,49,71,85
val/00007778.jpg,7,36,19,69,81
val/00007779.jpg,31,42,65,48,37
val/00007780.jpg,73,82,30,96,86
val/00007781.jpg,22,1,90,11,88
val/00007782.jpg,35,79,44,80,24
val/00007783.jpg,34,7,26,17,10
val/00007784.jpg,73,82,50,47,74
val/00007785.jpg,90,89,69,63,1
val/00007786.jpg,21,10,77,91,65
val/00007787.jpg,58,33,28,65,10
val/00007788.jpg,12,77,92,21,99
val/00007789.jpg,26,34,28,86,17
val/00007790.jpg,46,47,72,31,27
val/00007791.jpg,9,29,97,68,80
val/00007792.jpg,91,28,10,48,20
val/00007793.jpg,77,79,97,92,68
val/00007794.jpg,15,87,95,66,2
val/00007795.jpg,3,17,34,69,85
val/00007796.jpg,3,39,76,24,67
val/00007797.jpg,52,61,19,79,35
val/00007798.jpg,37,45,78,14,17
val/00007799.jpg,92,24,30,79,77
val/00007800.jpg,94,71,67,32,0
val/00007801.jpg,89,41,8,69,18
val/00007802.jpg,1,48,63,37,20
val/00007803.jpg,93,35,61,19,52
val/00007804.jpg,57,55,98,4,84
val/00007805.jpg,84,82,39,72,46
val/00007806.jpg,50,20,37,48,91
val/00007807.jpg,70,17,66,64,33
val/00007808.jpg,79,35,61,92,24
val/00007809.jpg,93,42,78,31,27
val/00007810.jpg,85,39,86,52,76
val/00007811.jpg,71,67,32,94,0
val/00007812.jpg,52,24,85,1,79
val/00007813.jpg,24,71,79,67,49
val/00007814.jpg,72,65,27,86,75
val/00007815.jpg,49,85,71,0,32
val/00007816.jpg,52,35,79,72,61
val/00007817.jpg,17,37,78,63,45
val/00007818.jpg,80,29,44,9,97
val/00007819.jpg,8,88,85,69,32
val/00007820.jpg,53,76,72,39,24
val/00007821.jpg,52,19,79,35,24
val/00007822.jpg,78,20,25,69,37
val/00007823.jpg,4,88,98,69,29
val/00007824.jpg,52,85,79,19,49
val/00007825.jpg,14,69,37,49,78
val/00007826.jpg,58,33,86,13,65
val/00007827.jpg,90,60,69,89,22
val/00007828.jpg,89,69,20,63,7
val/00007829.jpg,11,88,22,8,14
val/00007830.jpg,46,99,82,31,42
val/00007831.jpg,63,69,89,1,8
val/00007832.jpg,64,83,41,34,82
val/00007833.jpg,93,49,3,42,71
val/00007834.jpg,36,81,60,7,69
val/00007835.jpg,82,40,27,30,99
val/00007836.jpg,0,5,71,32,67
val/00007837.jpg,2,42,71,5,67
val/00007838.jpg,7,48,34,60,54
val/00007839.jpg,16,83,60,59,18
val/00007840.jpg,79,77,92,55,97
val/00007841.jpg,81,57,19,52,75
val/00007842.jpg,91,28,10,65,3
val/00007843.jpg,86,59,69,7,54
val/00007844.jpg,96,86,74,39,27
val/00007845.jpg,65,91,86,30,13
val/00007846.jpg,77,12,7,91,21
val/00007847.jpg,12,77,92,21,99
val/00007848.jpg,45,62,63,18,38
val/00007849.jpg,84,56,86,74,96
val/00007850.jpg,36,7,69,14,19
val/00007851.jpg,2,42,71,67,0
val/00007852.jpg,82,99,46,31,42
val/00007853.jpg,32,67,0,42,71
val/00007854.jpg,35,57,80,55,79
val/00007855.jpg,88,14,66,22,23
val/00007856.jpg,86,67,49,94,9
val/00007857.jpg,18,62,54,16,45
val/00007858.jpg,65,75,87,72,3
val/00007859.jpg,72,75,47,87,56
val/00007860.jpg,24,79,52,42,43
val/00007861.jpg,82,31,99,32,30
val/00007862.jpg,81,19,74,72,27
val/00007863.jpg,62,63,18,45,17
val/00007864.jpg,79,52,49,24,71
val/00007865.jpg,44,9,97,55,35
val/00007866.jpg,48,25,1,13,63
val/00007867.jpg,75,74,17,23,26
val/00007868.jpg,11,63,62,59,38
val/00007869.jpg,23,66,95,7,64
val/00007870.jpg,7,26,10,20,91
val/00007871.jpg,41,63,45,64,11
val/00007872.jpg,11,66,88,22,8
val/00007873.jpg,19,65,17,26,78
val/00007874.jpg,12,77,21,92,40
val/00007875.jpg,58,54,22,14,33
val/00007876.jpg,47,50,76,72,39
val/00007877.jpg,20,89,7,36,69
val/00007878.jpg,87,88,15,66,64
val/00007879.jpg,70,14,37,78,38
val/00007880.jpg,65,48,86,91,3
val/00007881.jpg,71,94,67,2,49
val/00007882.jpg,17,37,20,48,45
val/00007883.jpg,46,72,53,99,50
val/00007884.jpg,12,34,20,91,69
val/00007885.jpg,88,14,23,8,4
val/00007886.jpg,8,87,65,14,13
val/00007887.jpg,29,68,97,98,9
val/00007888.jpg,8,88,23,2,69
val/00007889.jpg,11,22,13,17,8
val/00007890.jpg,96,43,76,79,24
val/00007891.jpg,62,59,63,45,16
val/00007892.jpg,77,21,99,92,80
val/00007893.jpg,49,55,27,30,79
val/00007894.jpg,14,78,37,48,13
val/00007895.jpg,64,20,34,25,7
val/00007896.jpg,99,65,21,13,78
val/00007897.jpg,69,86,94,67,88
val/00007898.jpg,41,11,69,8,0
val/00007899.jpg,97,68,29,98,9
val/00007900.jpg,44,35,97,68,79
val/00007901.jpg,63,83,41,64,1
val/00007902.jpg,0,67,85,77,68
val/00007903.jpg,26,65,29,86,28
val/00007904.jpg,54,83,16,17,69
val/00007905.jpg,84,68,31,97,57
val/00007906.jpg,79,77,92,29,97
val/00007907.jpg,38,64,70,45,33
val/00007908.jpg,15,87,23,66,88
val/00007909.jpg,71,32,0,67,42
val/00007910.jpg,18,62,45,54,16
val/00007911.jpg,31,80,82,5,24
val/00007912.jpg,21,99,92,77,40
val/00007913.jpg,93,4,49,83,69
val/00007914.jpg,15,95,74,87,51
val/00007915.jpg,68,98,84,57,97
val/00007916.jpg,1,13,7,63,69
val/00007917.jpg,2,29,72,68,87
val/00007918.jpg,20,73,91,50,34
val/00007919.jpg,94,3,49,67,30
val/00007920.jpg,74,50,73,76,39
val/00007921.jpg,7,90,91,60,1
val/00007922.jpg,96,29,9,35,97
val/00007923.jpg,60,19,37,59,70
val/00007924.jpg,2,9,44,97,5
val/00007925.jpg,39,82,86,73,89
val/00007926.jpg,3,94,67,49,86
val/00007927.jpg,91,10,28,20,26
val/00007928.jpg,27,51,74,99,77
val/00007929.jpg,47,72,46,50,31
val/00007930.jpg,97,68,98,40,29
val/00007931.jpg,72,46,47,53,50
val/00007932.jpg,6,69,70,17,34
val/00007933.jpg,59,16,83,60,70
val/00007934.jpg,83,54,60,16,18
val/00007935.jpg,99,65,46,21,91
val/00007936.jpg,87,75,95,2,15
val/00007937.jpg,35,61,79,52,68
val/00007938.jpg,60,59,54,70,83
val/00007939.jpg,57,55,96,30,35
val/00007940.jpg,84,44,68,97,53
val/00007941.jpg,89,83,41,16,69
val/00007942.jpg,52,19,61,79,35
val/00007943.jpg,30,24,42,5,1
val/00007944.jpg,37,14,17,70,78
val/00007945.jpg,66,23,17,54,6
val/00007946.jpg,83,16,6,69,89
val/00007947.jpg,72,50,75,39,53
val/00007948.jpg,99,46,82,31,21
val/00007949.jpg,81,75,72,50,1
val/00007950.jpg,93,55,35,79,49
val/00007951.jpg,54,70,60,17,59
val/00007952.jpg,29,97,68,44,98
val/00007953.jpg,95,23,66,75,87
val/00007954.jpg,41,0,69,11,42
val/00007955.jpg,22,1,8,11,88
val/00007956.jpg,32,67,0,71,94
val/00007957.jpg,26,28,34,10,91
val/00007958.jpg,63,45,11,38,62
val/00007959.jpg,19,52,33,38,79
val/00007960.jpg,15,95,87,81,2
val/00007961.jpg,12,92,77,21,99
val/00007962.jpg,51,97,35,77,27
val/00007963.jpg,51,79,92,35,97
val/00007964.jpg,71,42,0,5,67
val/00007965.jpg,84,56,74,30,72
val/00007966.jpg,90,69,89,63,83
val/00007967.jpg,30,99,40,51,21
val/00007968.jpg,59,16,70,45,62
val/00007969.jpg,49,55,99,98,77
val/00007970.jpg,18,78,6,16,69
val/00007971.jpg,91,65,34,20,48
val/00007972.jpg,99,46,27,31,82
val/00007973.jpg,16,83,59,18,62
val/00007974.jpg,81,75,51,40,44
val/00007975.jpg,52,1,19,85,39
val/00007976.jpg,59,70,45,60,62
val/00007977.jpg,29,97,98,9,68
val/00007978.jpg,95,87,15,72,75
val/00007979.jpg,53,72,39,76,50
val/00007980.jpg,11,29,9,14,27
val/00007981.jpg,90,25,1,60,64
val/00007982.jpg,93,31,3,74,42
val/00007983.jpg,21,77,4,91,28
val/00007984.jpg,79,24,52,71,43
val/00007985.jpg,73,47,50,82,46
val/00007986.jpg,34,6,17,60,63
val/00007987.jpg,51,97,75,40,15
val/00007988.jpg,51,40,97,75,99
val/00007989.jpg,78,10,48,28,37
val/00007990.jpg,87,95,15,2,74
val/00007991.jpg,27,74,40,51,99
val/00007992.jpg,50,90,73,37,63
val/00007993.jpg,0,32,42,5,71
val/00007994.jpg,13,38,11,8,78
val/00007995.jpg,35,53,44,96,79
val/00007996.jpg,85,24,39,76,89
val/00007997.jpg,18,54,17,26,16
val/00007998.jpg,45,38,70,78,62
val/00007999.jpg,49,30,67,21,75
val/00008000.jpg,55,9,98,2,97
val/00008001.jpg,54,70,1,33,60
val/00008002.jpg,86,75,56,15,49
val/00008003.jpg,47,39,72,50,73
val/00008004.jpg,45,63,62,70,78
val/00008005.jpg,22,23,33,88,14
val/00008006.jpg,38,45,13,33,70
val/00008007.jpg,2,72,39,53,3
val/00008008.jpg,34,20,64,36,26
val/00008009.jpg,76,40,97,77,68
val/00008010.jpg,89,69,23,18,88
val/00008011.jpg,60,7,69,19,59
val/00008012.jpg,64,34,90,60,6
val/00008013.jpg,31,67,94,78,3
val/00008014.jpg,6,17,69,70,34
val/00008015.jpg,95,23,87,74,75
val/00008016.jpg,61,32,85,67,0
val/00008017.jpg,94,71,67,49,42
val/00008018.jpg,61,52,67,35,32
val/00008019.jpg,59,70,16,60,62
val/00008020.jpg,70,17,62,45,33
val/00008021.jpg,54,58,10,37,78
val/00008022.jpg,13,11,78,48,14
val/00008023.jpg,21,77,92,51,97
val/00008024.jpg,16,54,18,59,38
val/00008025.jpg,19,81,57,79,35
val/00008026.jpg,63,69,89,78,8
val/00008027.jpg,58,33,28,14,22
val/00008028.jpg,23,66,88,95,64
val/00008029.jpg,28,20,91,10,34
val/00008030.jpg,28,91,10,65,20
val/00008031.jpg,13,11,78,45,38
val/00008032.jpg,63,50,22,41,37
val/00008033.jpg,7,54,69,17,26
val/00008034.jpg,54,60,18,59,16
val/00008035.jpg,69,10,37,16,6
val/00008036.jpg,32,0,71,67,42
val/00008037.jpg,97,96,68,51,9
val/00008038.jpg,80,29,44,9,97
val/00008039.jpg,87,2,15,95,75
val/00008040.jpg,19,52,39,86,67
val/00008041.jpg,66,54,10,15,26
val/00008042.jpg,99,51,27,21,30
val/00008043.jpg,42,26,69,94,37
val/00008044.jpg,63,78,62,14,45
val/00008045.jpg,57,81,68,98,97
val/00008046.jpg,81,72,46,27,31
val/00008047.jpg,80,94,49,30,86
val/00008048.jpg,48,78,13,33,38
val/00008049.jpg,15,87,95,51,66
val/00008050.jpg,13,38,11,8,88
val/00008051.jpg,52,19,39,74,3
val/00008052.jpg,71,32,67,49,0
val/00008053.jpg,63,1,90,72,91
val/00008054.jpg,71,67,0,94,32
val/00008055.jpg,78,48,10,37,14
val/00008056.jpg,76,75,47,3,72
val/00008057.jpg,99,21,77,30,92
val/00008058.jpg,30,99,32,21,87
val/00008059.jpg,7,69,72,91,1
val/00008060.jpg,88,4,22,14,8
val/00008061.jpg,11,26,37,69,54
val/00008062.jpg,75,65,3,74,72
val/00008063.jpg,52,93,3,19,79
val/00008064.jpg,46,72,99,19,50
val/00008065.jpg,14,48,78,37,20
val/00008066.jpg,42,46,99,31,93
val/00008067.jpg,76,39,96,86,24
val/00008068.jpg,49,52,35,57,79
val/00008069.jpg,31,97,68,53,82
val/00008070.jpg,83,17,34,16,6
val/00008071.jpg,39,76,46,82,99
val/00008072.jpg,57,35,79,80,4
val/00008073.jpg,60,34,17,70,64
val/00008074.jpg,81,72,53,52,75
val/00008075.jpg,81,53,72,51,75
val/00008076.jpg,43,79,4,55,35
val/00008077.jpg,77,68,97,29,12
val/00008078.jpg,65,91,28,69,3
val/00008079.jpg,0,5,30,34,32
val/00008080.jpg,90,1,41,69,63
val/00008081.jpg,77,21,4,92,12
val/00008082.jpg,81,19,52,61,75
val/00008083.jpg,27,97,68,77,53
val/00008084.jpg,93,55,97,35,79
val/00008085.jpg,89,69,20,10,94
val/00008086.jpg,78,45,62,48,13
val/00008087.jpg,15,95,74,87,75
val/00008088.jpg,26,18,62,10,17
val/00008089.jpg,0,71,5,42,49
val/00008090.jpg,4,77,21,12,69
val/00008091.jpg,77,21,92,12,40
val/00008092.jpg,7,54,1,63,69
val/00008093.jpg,23,14,17,88,66
val/00008094.jpg,54,6,90,1,66
val/00008095.jpg,66,23,22,11,7
val/00008096.jpg,87,75,15,2,95
val/00008097.jpg,72,53,2,46,49
val/00008098.jpg,45,33,70,38,62
val/00008099.jpg,17,54,58,10,33
val/00008100.jpg,91,20,26,10,28
val/00008101.jpg,61,35,52,79,19
val/00008102.jpg,83,16,18,6,69
val/00008103.jpg,83,16,60,64,18
val/00008104.jpg,61,35,52,79,19
val/00008105.jpg,96,39,19,74,27
val/00008106.jpg,54,19,17,36,70
val/00008107.jpg,96,40,86,76,12
val/00008108.jpg,81,50,19,52,39
val/00008109.jpg,87,15,2,75,95
val/00008110.jpg,10,28,48,91,37
val/00008111.jpg,64,22,70,17,66
val/00008112.jpg,19,39,74,56,7
val/00008113.jpg,93,15,87,51,2
val/00008114.jpg,69,80,96,44,17
val/00008115.jpg,38,33,62,70,78
val/00008116.jpg,30,77,92,27,21
val/00008117.jpg,10,59,37,20,28
val/00008118.jpg,43,49,79,46,30
val/00008119.jpg,2,89,22,44,90
val/00008120.jpg,97,68,77,29,98
val/00008121.jpg,65,74,58,86,91
val/00008122.jpg,27,77,99,12,92
val/00008123.jpg,20,94,28,39,34
val/00008124.jpg,58,69,33,34,7
val/00008125.jpg,17,70,6,69,37
val/00008126.jpg,29,97,68,77,79
val/00008127.jpg,16,83,18,89,69
val/00008128.jpg,29,9,97,68,44
val/00008129.jpg,96,30,39,86,69
val/00008130.jpg,14,78,22,37,88
val/00008131.jpg,97,68,98,29,55
val/00008132.jpg,49,94,67,3,71
val/00008133.jpg,16,83,18,70,64
val/00008134.jpg,59,64,60,16,70
val/00008135.jpg,16,83,64,54,59
val/00008136.jpg,48,1,91,65,34
val/00008137.jpg,31,99,42,67,74
val/00008138.jpg,99,46,21,30,27
val/00008139.jpg,69,58,93,33,74
val/00008140.jpg,16,60,83,59,70
val/00008141.jpg,75,87,15,95,51
val/00008142.jpg,43,79,52,55,35
val/00008143.jpg,82,99,31,46,86
val/00008144.jpg,1,90,24,22,8
val/00008145.jpg,51,97,79,92,68
val/00008146.jpg,99,42,34,60,82
val/00008147.jpg,39,36,7,76,19
val/00008148.jpg,65,48,78,37,34
val/00008149.jpg,38,8,63,64,70
val/00008150.jpg,4,79,12,77,22
val/00008151.jpg,66,64,37,11,8
val/00008152.jpg,78,48,13,65,10
val/00008153.jpg,71,0,42,67,32
val/00008154.jpg,33,58,38,78,13
val/00008155.jpg,73,50,47,82,90
val/00008156.jpg,85,39,56,2,19
val/00008157.jpg,72,46,50,53,99
val/00008158.jpg,94,71,67,49,32
val/00008159.jpg,5,0,42,71,24
val/00008160.jpg,72,1,50,76,47
val/00008161.jpg,93,49,31,55,42
val/00008162.jpg,32,61,0,85,39
val/00008163.jpg,36,7,69,39,76
val/00008164.jpg,82,73,30,99,86
val/00008165.jpg,26,10,28,91,65
val/00008166.jpg,18,62,45,16,54
val/00008167.jpg,63,69,89,83,16
val/00008168.jpg,54,7,60,17,13
val/00008169.jpg,92,77,12,21,79
val/00008170.jpg,54,60,83,19,64
val/00008171.jpg,75,81,30,3,74
val/00008172.jpg,17,37,70,14,78
val/00008173.jpg,40,21,51,97,77
val/00008174.jpg,8,2,88,94,89
val/00008175.jpg,95,87,75,15,66
val/00008176.jpg,66,11,64,22,6
val/00008177.jpg,97,43,5,79,68
val/00008178.jpg,92,77,12,21,79
val/00008179.jpg,44,40,35,9,81
val/00008180.jpg,89,90,69,41,1
val/00008181.jpg,13,11,63,78,48
val/00008182.jpg,10,91,26,65,28
val/00008183.jpg,63,78,37,59,14
val/00008184.jpg,43,5,24,68,79
val/00008185.jpg,21,77,40,99,51
val/00008186.jpg,13,78,33,48,14
val/00008187.jpg,92,77,12,27,21
val/00008188.jpg,40,44,96,9,97
val/00008189.jpg,48,10,37,91,20
val/00008190.jpg,27,96,74,99,30
val/00008191.jpg,89,69,19,41,24
val/00008192.jpg,81,52,24,19,61
val/00008193.jpg,78,63,8,14,38
val/00008194.jpg,35,98,57,55,68
val/00008195.jpg,87,88,75,23,15
val/00008196.jpg,29,98,68,4,9
val/00008197.jpg,42,71,0,67,32
val/00008198.jpg,97,68,9,98,27
val/00008199.jpg,35,44,55,97,29
val/00008200.jpg,26,10,28,65,91
val/00008201.jpg,71,2,94,67,32
val/00008202.jpg,34,86,26,20,17
val/00008203.jpg,4,57,55,49,98
val/00008204.jpg,73,64,47,69,6
val/00008205.jpg,49,85,52,71,93
val/00008206.jpg,20,28,91,37,17
val/00008207.jpg,87,15,2,8,95
val/00008208.jpg,71,0,42,67,32
val/00008209.jpg,8,2,88,71,64
val/00008210.jpg,61,52,35,24,32
val/00008211.jpg,54,66,17,33,70
val/00008212.jpg,2,94,67,71,86
val/00008213.jpg,23,66,64,88,47
val/00008214.jpg,40,77,99,86,12
val/00008215.jpg,58,33,22,14,37
val/00008216.jpg,70,37,59,17,45
val/00008217.jpg,9,97,68,53,29
val/00008218.jpg,89,90,1,69,19
val/00008219.jpg,3,71,49,94,67
val/00008220.jpg,61,50,52,47,72
val/00008221.jpg,69,17,7,34,89
val/00008222.jpg,4,88,22,8,21
val/00008223.jpg,11,69,63,13,41
val/00008224.jpg,89,42,0,41,5
val/00008225.jpg,7,34,69,26,17
val/00008226.jpg,15,51,87,55,95
val/00008227.jpg,3,65,34,58,74
val/00008228.jpg,96,44,76,43,97
val/00008229.jpg,19,89,10,26,43
val/00008230.jpg,29,9,97,44,80
val/00008231.jpg,1,36,72,81,19
val/00008232.jpg,23,66,64,22,95
val/00008233.jpg,6,69,17,11,18
val/00008234.jpg,99,32,0,46,82
val/00008235.jpg,89,94,69,71,67
val/00008236.jpg,27,99,30,82,51
val/00008237.jpg,9,98,29,97,68
val/00008238.jpg,95,23,66,87,15
val/00008239.jpg,62,18,45,70,59
val/00008240.jpg,49,79,43,85,93
val/00008241.jpg,6,69,63,17,34
val/00008242.jpg,94,67,32,71,0
val/00008243.jpg,35,43,79,55,61
val/00008244.jpg,19,72,52,79,53
val/00008245.jpg,46,42,99,31,32
val/00008246.jpg,54,17,18,26,60
val/00008247.jpg,96,89,76,39,86
val/00008248.jpg,87,15,2,95,75
val/00008249.jpg,76,72,47,46,53
val/00008250.jpg,95,79,77,55,21
val/00008251.jpg,44,46,39,72,2
val/00008252.jpg,26,6,34,17,10
val/00008253.jpg,16,18,83,41,62
val/00008254.jpg,98,68,29,97,55
val/00008255.jpg,15,87,95,2,75
val/00008256.jpg,30,0,32,42,71
val/00008257.jpg,20,28,91,37,34
val/00008258.jpg,20,28,14,34,7
val/00008259.jpg,78,8,38,70,37
val/00008260.jpg,40,77,21,12,92
val/00008261.jpg,57,84,4,81,98
val/00008262.jpg,84,9,29,26,83
val/00008263.jpg,85,0,49,67,71
val/00008264.jpg,47,32,39,3,67
val/00008265.jpg,91,13,8,28,1
val/00008266.jpg,86,39,96,76,52
val/00008267.jpg,73,82,50,83,96
val/00008268.jpg,66,60,83,56,54
val/00008269.jpg,71,0,42,67,49
val/00008270.jpg,53,27,35,24,72
val/00008271.jpg,52,79,19,76,35
val/00008272.jpg,2,72,75,5,81
val/00008273.jpg,98,68,97,40,77
val/00008274.jpg,28,91,65,3,10
val/00008275.jpg,2,39,76,96,49
val/00008276.jpg,48,63,14,37,78
val/00008277.jpg,36,7,14,88,65
val/00008278.jpg,2,39,44,9,43
val/00008279.jpg,70,33,54,58,59
val/00008280.jpg,53,72,46,50,44
val/00008281.jpg,15,87,95,51,66
val/00008282.jpg,17,6,70,37,69
val/00008283.jpg,57,79,35,55,52
val/00008284.jpg,54,17,70,18,26
val/00008285.jpg,36,1,25,7,69
val/00008286.jpg,26,10,78,54,65
val/00008287.jpg,76,94,67,89,71
val/00008288.jpg,25,70,59,45,60
val/00008289.jpg,84,68,98,97,31
val/00008290.jpg,51,53,79,40,97
val/00008291.jpg,18,62,16,54,63
val/00008292.jpg,43,79,55,24,5
val/00008293.jpg,89,83,41,69,85
val/00008294.jpg,1,90,63,41,39
val/00008295.jpg,73,50,82,74,47
val/00008296.jpg,42,69,47,32,63
val/00008297.jpg,16,59,60,62,83
val/00008298.jpg,99,82,96,86,43
val/00008299.jpg,41,93,56,42,64
val/00008300.jpg,54,70,16,64,83
val/00008301.jpg,22,38,33,11,1
val/00008302.jpg,9,29,68,97,98
val/00008303.jpg,20,28,10,37,17
val/00008304.jpg,4,77,69,21,49
val/00008305.jpg,43,5,30,42,24
val/00008306.jpg,15,87,51,95,75
val/00008307.jpg,14,78,37,88,22
val/00008308.jpg,11,63,48,14,37
val/00008309.jpg,23,66,88,75,17
val/00008310.jpg,51,21,99,74,15
val/00008311.jpg,88,28,94,14,10
val/00008312.jpg,75,30,65,27,99
val/00008313.jpg,33,38,70,58,78
val/00008314.jpg,2,9,39,43,30
val/00008315.jpg,22,88,14,58,33
val/00008316.jpg,26,54,34,17,86
val/00008317.jpg,89,41,42,0,69
val/00008318.jpg,18,62,63,69,45
val/00008319.jpg,34,88,14,28,69
val/00008320.jpg,63,13,62,78,11
val/00008321.jpg,24,19,35,61,52
val/00008322.jpg,8,4,91,28,87
val/00008323.jpg,86,27,26,65,99
val/00008324.jpg,12,77,40,92,21
val/00008325.jpg,49,93,55,37,10
val/00008326.jpg,31,82,84,99,67
val/00008327.jpg,96,92,40,55,86
val/00008328.jpg,74,21,27,99,3
val/00008329.jpg,40,44,61,97,96
val/00008330.jpg,76,31,39,47,94
val/00008331.jpg,55,98,77,97,79
val/00008332.jpg,52,24,19,39,61
val/00008333.jpg,23,66,15,74,69
val/00008334.jpg,82,31,32,99,30
val/00008335.jpg,71,0,21,51,67
val/00008336.jpg,68,84,98,97,57
val/00008337.jpg,51,87,15,74,75
val/00008338.jpg,88,14,11,8,94
val/00008339.jpg,26,17,65,86,10
val/00008340.jpg,31,82,32,47,99
val/00008341.jpg,85,39,20,63,1
val/00008342.jpg,31,82,68,97,32
val/00008343.jpg,7,60,91,54,20
val/00008344.jpg,72,46,44,53,40
val/00008345.jpg,68,97,77,29,98
val/00008346.jpg,50,53,72,73,74
val/00008347.jpg,34,26,17,28,10
val/00008348.jpg,15,50,74,3,87
val/00008349.jpg,43,35,68,97,79
val/00008350.jpg,42,99,46,31,93
val/00008351.jpg,22,1,90,14,11
val/00008352.jpg,68,98,97,77,40
val/00008353.jpg,15,72,51,46,74
val/00008354.jpg,76,90,24,2,94
val/00008355.jpg,40,44,82,74,76
val/00008356.jpg,31,82,32,99,94
val/00008357.jpg,64,38,63,6,70
val/00008358.jpg,55,98,68,97,35
val/00008359.jpg,53,72,50,73,47
val/00008360.jpg,54,58,33,66,70
val/00008361.jpg,94,31,67,71,42
val/00008362.jpg,75,81,30,51,74
val/00008363.jpg,35,57,52,61,19
val/00008364.jpg,45,62,18,38,54
val/00008365.jpg,13,49,92,4,12
val/00008366.jpg,63,41,69,64,16
val/00008367.jpg,63,45,62,18,38
val/00008368.jpg,49,86,65,39,52
val/00008369.jpg,58,28,20,6,33
val/00008370.jpg,6,70,17,58,18
val/00008371.jpg,41,63,11,64,69
val/00008372.jpg,75,87,15,2,51
val/00008373.jpg,48,37,63,20,14
val/00008374.jpg,45,62,18,78,13
val/00008375.jpg,37,33,17,48,78
val/00008376.jpg,50,63,72,37,78
val/00008377.jpg,89,69,18,62,63
val/00008378.jpg,91,20,28,10,26
val/00008379.jpg,52,35,97,68,79
val/00008380.jpg,68,97,29,98,77
val/00008381.jpg,28,91,10,65,78
val/00008382.jpg,86,39,96,76,74
val/00008383.jpg,92,79,55,77,51
val/00008384.jpg,50,53,72,75,73
val/00008385.jpg,85,94,67,71,32
val/00008386.jpg,22,58,14,74,3
val/00008387.jpg,86,96,26,30,49
val/00008388.jpg,66,54,17,70,33
val/00008389.jpg,42,6,45,69,62
val/00008390.jpg,36,15,22,87,8
val/00008391.jpg,12,77,21,92,99
val/00008392.jpg,53,72,24,50,76
val/00008393.jpg,55,77,79,97,29
val/00008394.jpg,56,22,8,1,84
val/00008395.jpg,7,69,39,67,86
val/00008396.jpg,50,53,72,81,61
val/00008397.jpg,14,37,78,17,26
val/00008398.jpg,15,87,2,95,75
val/00008399.jpg,28,10,6,26,78
val/00008400.jpg,0,67,32,71,49
val/00008401.jpg,99,40,82,65,30
val/00008402.jpg,5,43,77,24,0
val/00008403.jpg,85,39,3,84,83
val/00008404.jpg,35,97,68,79,43
val/00008405.jpg,4,78,48,10,28
val/00008406.jpg,73,82,30,99,21
val/00008407.jpg,60,59,16,89,19
val/00008408.jpg,18,62,45,6,16
val/00008409.jpg,10,69,6,37,17
val/00008410.jpg,63,62,69,13,78
val/00008411.jpg,54,7,26,86,17
val/00008412.jpg,22,53,63,72,1
val/00008413.jpg,84,27,31,68,56
val/00008414.jpg,74,3,99,42,21
val/00008415.jpg,52,19,43,68,35
val/00008416.jpg,52,19,79,35,24
val/00008417.jpg,65,28,91,58,3
val/00008418.jpg,78,45,62,63,37
val/00008419.jpg,84,68,27,97,79
val/00008420.jpg,25,1,7,90,41
val/00008421.jpg,90,64,1,50,73
val/00008422.jpg,30,36,88,34,17
val/00008423.jpg,83,60,16,89,64
val/00008424.jpg,23,95,66,47,72
val/00008425.jpg,55,4,79,29,9
val/00008426.jpg,69,89,6,10,34
val/00008427.jpg,24,52,79,71,84
val/00008428.jpg,29,97,68,9,43
val/00008429.jpg,8,2,88,87,4
val/00008430.jpg,53,81,76,90,24
val/00008431.jpg,14,36,88,17,78
val/00008432.jpg,94,67,71,32,42
val/00008433.jpg,27,86,96,74,39
val/00008434.jpg,25,41,64,74,1
val/00008435.jpg,84,31,56,86,67
val/00008436.jpg,68,97,27,98,77
val/00008437.jpg,28,21,65,10,26
val/00008438.jpg,54,59,60,70,16
val/00008439.jpg,11,8,63,71,88
val/00008440.jpg,58,91,28,33,20
val/00008441.jpg,58,33,54,10,6
val/00008442.jpg,27,77,12,86,96
val/00008443.jpg,79,24,5,49,99
val/00008444.jpg,54,41,63,64,1
val/00008445.jpg,85,39,92,30,52
val/00008446.jpg,8,63,88,69,91
val/00008447.jpg,56,79,35,92,55
val/00008448.jpg,57,68,98,31,84
val/00008449.jpg,85,83,17,34,89
val/00008450.jpg,20,58,28,91,70
val/00008451.jpg,16,83,18,60,64
val/00008452.jpg,13,11,38,48,33
val/00008453.jpg,41,25,64,89,90
val/00008454.jpg,15,87,95,66,75
val/00008455.jpg,61,35,85,52,24
val/00008456.jpg,92,12,77,79,21
val/00008457.jpg,27,77,12,99,92
val/00008458.jpg,66,88,64,70,33
val/00008459.jpg,43,52,35,79,55
val/00008460.jpg,29,79,2,80,5
val/00008461.jpg,39,76,94,86,31
val/00008462.jpg,50,60,58,17,6
val/00008463.jpg,99,46,21,43,42
val/00008464.jpg,5,24,35,43,44
val/00008465.jpg,58,33,20,17,34
val/00008466.jpg,23,37,17,7,54
val/00008467.jpg,20,28,10,37,91
val/00008468.jpg,53,72,2,29,97
val/00008469.jpg,50,1,72,25,74
val/00008470.jpg,58,28,6,34,10
val/00008471.jpg,4,88,69,3,49
val/00008472.jpg,37,17,14,78,62
val/00008473.jpg,86,65,7,91,2
val/00008474.jpg,21,77,40,4,12
val/00008475.jpg,57,4,19,81,52
val/00008476.jpg,80,29,68,97,9
val/00008477.jpg,86,34,54,7,17
val/00008478.jpg,51,30,99,21,92
val/00008479.jpg,89,69,45,63,18
val/00008480.jpg,91,14,48,65,10
val/00008481.jpg,90,1,41,63,25
val/00008482.jpg,95,87,23,15,74
val/00008483.jpg,75,87,2,15,95
val/00008484.jpg,43,35,24,79,55
val/00008485.jpg,36,25,70,54,7
val/00008486.jpg,41,63,64,69,6
val/00008487.jpg,0,5,71,32,42
val/00008488.jpg,17,23,37,14,66
val/00008489.jpg,59,60,70,45,16
val/00008490.jpg,17,7,37,59,70
val/00008491.jpg,11,89,63,1,69
val/00008492.jpg,8,88,11,38,13
val/00008493.jpg,98,55,29,68,9
val/00008494.jpg,42,71,2,67,0
val/00008495.jpg,4,52,85,98,19
val/00008496.jpg,26,10,17,37,54
val/00008497.jpg,85,32,67,71,0
val/00008498.jpg,18,62,16,45,59
val/00008499.jpg,82,76,31,24,68
val/00008500.jpg,85,72,71,49,39
val/00008501.jpg,0,9,2,97,71
val/00008502.jpg,92,77,68,97,21
val/00008503.jpg,20,91,28,65,7
val/00008504.jpg,89,69,63,45,8
val/00008505.jpg,17,20,26,37,91
val/00008506.jpg,12,21,77,99,46
val/00008507.jpg,78,14,37,62,70
val/00008508.jpg,43,5,24,2,79
val/00008509.jpg,22,66,33,64,38
val/00008510.jpg,89,46,30,42,99
val/00008511.jpg,48,37,69,14,63
val/00008512.jpg,16,83,59,70,64
val/00008513.jpg,49,79,52,61,71
val/00008514.jpg,72,27,53,47,46
val/00008515.jpg,10,69,26,83,16
val/00008516.jpg,36,7,69,14,1
val/00008517.jpg,4,98,88,68,35
val/00008518.jpg,75,15,11,66,51
val/00008519.jpg,94,0,67,71,32
val/00008520.jpg,38,33,58,70,13
val/00008521.jpg,94,67,71,31,42
val/00008522.jpg,27,3,58,74,84
val/00008523.jpg,72,7,19,1,89
val/00008524.jpg,58,33,20,48,70
val/00008525.jpg,27,96,77,99,74
val/00008526.jpg,63,17,69,64,6
val/00008527.jpg,1,63,48,69,41
val/00008528.jpg,8,22,72,7,2
val/00008529.jpg,93,49,42,31,55
val/00008530.jpg,16,83,69,10,89
val/00008531.jpg,90,1,76,41,22
val/00008532.jpg,9,98,44,55,97
val/00008533.jpg,18,54,16,62,89
val/00008534.jpg,93,31,27,19,3
val/00008535.jpg,37,14,6,59,70
val/00008536.jpg,86,30,67,9,75
val/00008537.jpg,38,13,45,78,33
val/00008538.jpg,13,11,92,49,8
val/00008539.jpg,76,90,24,96,39
val/00008540.jpg,1,90,63,41,69
val/00008541.jpg,59,78,70,45,37
val/00008542.jpg,48,10,78,37,26
val/00008543.jpg,83,16,64,54,82
val/00008544.jpg,68,98,97,29,77
val/00008545.jpg,58,33,20,28,17
val/00008546.jpg,69,1,90,63,89
val/00008547.jpg,38,70,33,45,78
val/00008548.jpg,68,97,98,29,27
val/00008549.jpg,43,29,68,97,35
val/00008550.jpg,2,39,76,96,72
val/00008551.jpg,35,79,97,77,24
val/00008552.jpg,62,63,41,18,50
val/00008553.jpg,68,52,29,79,97
val/00008554.jpg,99,82,42,46,31
val/00008555.jpg,87,15,75,2,95
val/00008556.jpg,38,6,69,70,1
val/00008557.jpg,12,40,77,21,92
val/00008558.jpg,41,18,89,63,42
val/00008559.jpg,89,1,39,7,36
val/00008560.jpg,17,54,33,70,78
val/00008561.jpg,80,44,29,9,96
val/00008562.jpg,16,89,62,18,37
val/00008563.jpg,18,62,16,54,45
val/00008564.jpg,47,72,53,46,50
val/00008565.jpg,9,29,44,80,67
val/00008566.jpg,9,80,29,68,44
val/00008567.jpg,17,10,6,37,26
val/00008568.jpg,93,49,3,99,55
val/00008569.jpg,94,71,67,31,3
val/00008570.jpg,6,66,69,64,17
val/00008571.jpg,80,29,97,68,44
val/00008572.jpg,24,85,39,89,1
val/00008573.jpg,9,96,55,98,29
val/00008574.jpg,94,86,67,71,0
val/00008575.jpg,32,0,61,85,67
val/00008576.jpg,26,91,10,65,28
val/00008577.jpg,17,37,26,69,78
val/00008578.jpg,21,99,77,46,92
val/00008579.jpg,40,44,97,61,68
val/00008580.jpg,8,89,73,25,18
val/00008581.jpg,51,21,99,92,0
val/00008582.jpg,13,38,8,33,11
val/00008583.jpg,23,22,66,69,11
val/00008584.jpg,10,20,91,28,26
val/00008585.jpg,31,32,67,71,2
val/00008586.jpg,54,58,60,33,10
val/00008587.jpg,6,16,90,41,83
val/00008588.jpg,16,54,70,62,18
val/00008589.jpg,75,30,74,3,51
val/00008590.jpg,15,51,87,66,95
val/00008591.jpg,57,68,98,55,81
val/00008592.jpg,65,50,42,49,37
val/00008593.jpg,1,8,88,90,64
val/00008594.jpg,96,86,39,76,99
val/00008595.jpg,84,31,27,46,3
val/00008596.jpg,58,33,3,65,28
val/00008597.jpg,73,50,47,74,46
val/00008598.jpg,21,92,77,79,24
val/00008599.jpg,55,49,43,2,98
val/00008600.jpg,88,8,14,76,20
val/00008601.jpg,84,56,46,72,31
val/00008602.jpg,36,7,60,19,39
val/00008603.jpg,78,45,14,37,63
val/00008604.jpg,55,79,43,98,93
val/00008605.jpg,16,83,54,70,18
val/00008606.jpg,27,42,99,46,19
val/00008607.jpg,75,87,15,71,95
val/00008608.jpg,56,84,11,34,66
val/00008609.jpg,34,17,20,6,37
val/00008610.jpg,5,80,24,79,43
val/00008611.jpg,68,27,98,97,29
val/00008612.jpg,73,82,69,89,26
val/00008613.jpg,57,35,81,98,55
val/00008614.jpg,91,65,28,10,26
val/00008615.jpg,69,7,4,39,3
val/00008616.jpg,92,82,43,77,79
val/00008617.jpg,65,75,87,3,30
val/00008618.jpg,35,57,55,61,19
val/00008619.jpg,57,29,43,35,68
val/00008620.jpg,45,59,78,13,62
val/00008621.jpg,30,99,21,92,49
val/00008622.jpg,2,76,89,5,94
val/00008623.jpg,23,66,88,95,64
val/00008624.jpg,55,35,96,44,98
val/00008625.jpg,23,66,60,50,74
val/00008626.jpg,63,11,13,38,78
val/00008627.jpg,53,50,72,47,46
val/00008628.jpg,34,6,17,26,69
val/00008629.jpg,90,1,23,75,69
val/00008630.jpg,46,32,99,71,67
val/00008631.jpg,6,17,34,66,69
val/00008632.jpg,15,87,95,51,75
val/00008633.jpg,36,69,4,7,1
val/00008634.jpg,98,68,84,57,35
val/00008635.jpg,88,8,11,14,13
val/00008636.jpg,42,99,89,46,31
val/00008637.jpg,20,91,48,10,37
val/00008638.jpg,86,96,39,82,76
val/00008639.jpg,78,10,48,28,13
val/00008640.jpg,52,79,38,78,33
val/00008641.jpg,42,0,71,67,32
val/00008642.jpg,10,54,78,37,18
val/00008643.jpg,26,69,10,7,37
val/00008644.jpg,72,42,85,71,65
val/00008645.jpg,85,89,5,82,24
val/00008646.jpg,89,8,63,69,88
val/00008647.jpg,82,31,99,24,32
val/00008648.jpg,69,14,88,7,33
val/00008649.jpg,14,23,66,88,22
val/00008650.jpg,94,71,67,42,32
val/00008651.jpg,10,6,61,18,67
val/00008652.jpg,54,17,38,70,13
val/00008653.jpg,51,97,27,40,68
val/00008654.jpg,0,5,24,41,30
val/00008655.jpg,43,5,24,79,97
val/00008656.jpg,58,33,70,60,91
val/00008657.jpg,80,27,79,19,5
val/00008658.jpg,61,52,35,19,79
val/00008659.jpg,60,19,69,89,34
val/00008660.jpg,89,69,6,18,45
val/00008661.jpg,12,77,21,92,40
val/00008662.jpg,62,70,45,17,63
val/00008663.jpg,52,19,24,85,79
val/00008664.jpg,35,55,79,61,97
val/00008665.jpg,44,9,53,43,96
val/00008666.jpg,55,49,79,98,77
val/00008667.jpg,49,99,46,21,42
val/00008668.jpg,0,32,71,42,67
val/00008669.jpg,25,64,50,74,23
val/00008670.jpg,49,56,79,84,55
val/00008671.jpg,40,44,96,9,97
val/00008672.jpg,7,25,47,48,14
val/00008673.jpg,45,38,78,62,63
val/00008674.jpg,12,92,77,83,40
val/00008675.jpg,80,57,69,84,44
val/00008676.jpg,23,66,14,64,37
val/00008677.jpg,20,28,37,17,70
val/00008678.jpg,35,79,61,57,97
val/00008679.jpg,81,53,72,50,75
val/00008680.jpg,19,52,3,50,72
val/00008681.jpg,40,44,97,98,51
val/00008682.jpg,98,4,57,35,55
val/00008683.jpg,29,68,98,97,77
val/00008684.jpg,72,47,53,50,46
val/00008685.jpg,8,88,71,49,79
val/00008686.jpg,54,18,26,17,10
val/00008687.jpg,18,62,45,63,69
val/00008688.jpg,85,52,39,61,19
val/00008689.jpg,80,96,29,9,68
val/00008690.jpg,34,17,20,37,26
val/00008691.jpg,40,97,98,68,92
val/00008692.jpg,14,22,78,48,13
val/00008693.jpg,80,35,43,55,29
val/00008694.jpg,62,18,70,38,54
val/00008695.jpg,64,83,16,41,60
val/00008696.jpg,59,45,37,70,62
val/00008697.jpg,82,31,32,89,90
val/00008698.jpg,37,10,48,14,78
val/00008699.jpg,56,84,30,42,75
val/00008700.jpg,19,81,36,33,54
val/00008701.jpg,27,99,51,72,77
val/00008702.jpg,64,90,41,8,88
val/00008703.jpg,91,20,34,28,10
val/00008704.jpg,36,3,88,84,14
val/00008705.jpg,67,32,71,0,49
val/00008706.jpg,43,84,97,9,29
val/00008707.jpg,90,22,76,1,7
val/00008708.jpg,88,8,11,14,13
val/00008709.jpg,50,7,73,60,47
val/00008710.jpg,28,10,65,18,69
val/00008711.jpg,79,52,24,71,49
val/00008712.jpg,90,69,23,63,6
val/00008713.jpg,45,78,37,14,62
val/00008714.jpg,9,55,98,97,35
val/00008715.jpg,57,55,35,98,79
val/00008716.jpg,15,2,87,95,75
val/00008717.jpg,35,61,98,68,57
val/00008718.jpg,20,37,28,70,91
val/00008719.jpg,36,7,34,69,25
val/00008720.jpg,17,70,37,20,59
val/00008721.jpg,62,45,18,70,63
val/00008722.jpg,43,79,55,35,96
val/00008723.jpg,94,88,4,28,8
val/00008724.jpg,92,79,77,12,55
val/00008725.jpg,88,8,11,14,69
val/00008726.jpg,65,99,21,49,3
val/00008727.jpg,58,70,33,17,54
val/00008728.jpg,30,82,99,96,86
val/00008729.jpg,95,72,87,74,75
val/00008730.jpg,72,53,7,47,46
val/00008731.jpg,94,86,3,89,76
val/00008732.jpg,98,68,57,55,97
val/00008733.jpg,46,99,96,30,72
val/00008734.jpg,20,10,37,26,28
val/00008735.jpg,4,98,55,77,29
val/00008736.jpg,33,58,70,48,20
val/00008737.jpg,46,84,99,74,73
val/00008738.jpg,77,68,97,92,29
val/00008739.jpg,26,65,34,28,86
val/00008740.jpg,39,2,86,76,96
val/00008741.jpg,58,33,48,54,13
val/00008742.jpg,48,37,7,78,10
val/00008743.jpg,74,75,95,15,87
val/00008744.jpg,23,66,69,17,20
val/00008745.jpg,26,29,28,54,65
val/00008746.jpg,55,98,4,96,79
val/00008747.jpg,89,82,63,73,69
val/00008748.jpg,32,30,67,94,49
val/00008749.jpg,86,39,7,65,96
val/00008750.jpg,79,49,24,43,92
val/00008751.jpg,49,55,79,61,52
val/00008752.jpg,74,73,20,86,12
val/00008753.jpg,76,90,24,53,73
val/00008754.jpg,27,86,74,30,99
val/00008755.jpg,23,66,95,88,22
val/00008756.jpg,82,46,73,99,31
val/00008757.jpg,43,24,5,79,76
val/00008758.jpg,83,16,64,30,60
val/00008759.jpg,73,50,37,10,34
val/00008760.jpg,15,87,95,2,72
val/00008761.jpg,14,88,4,11,17
val/00008762.jpg,96,99,82,76,73
val/00008763.jpg,20,56,14,36,37
val/00008764.jpg,45,13,63,78,62
val/00008765.jpg,51,0,5,79,24
val/00008766.jpg,16,83,18,59,54
val/00008767.jpg,8,88,11,13,38
val/00008768.jpg,99,31,42,46,32
val/00008769.jpg,14,78,88,11,13
val/00008770.jpg,87,2,15,76,91
val/00008771.jpg,95,15,75,87,74
val/00008772.jpg,7,47,50,36,72
val/00008773.jpg,77,4,21,40,12
val/00008774.jpg,14,23,66,17,88
val/00008775.jpg,32,0,67,71,85
val/00008776.jpg,78,48,37,65,14
val/00008777.jpg,38,13,33,64,8
val/00008778.jpg,76,89,24,3,5
val/00008779.jpg,45,63,18,13,62
val/00008780.jpg,51,99,92,27,96
val/00008781.jpg,7,36,19,54,69
val/00008782.jpg,54,4,74,19,17
val/00008783.jpg,79,77,92,97,21
val/00008784.jpg,97,68,98,29,9
val/00008785.jpg,77,21,92,79,99
val/00008786.jpg,32,71,67,0,42
val/00008787.jpg,84,68,98,31,97
val/00008788.jpg,76,40,24,77,82
val/00008789.jpg,32,0,30,71,67
val/00008790.jpg,92,79,77,21,76
val/00008791.jpg,72,53,47,75,24
val/00008792.jpg,57,68,84,98,35
val/00008793.jpg,58,33,48,38,13
val/00008794.jpg,28,4,10,91,65
val/00008795.jpg,54,86,69,82,73
val/00008796.jpg,26,65,10,28,91
val/00008797.jpg,71,60,42,5,43
val/00008798.jpg,51,9,0,97,68
val/00008799.jpg,24,39,76,86,3
val/00008800.jpg,77,68,97,98,29
val/00008801.jpg,98,27,96,29,55
val/00008802.jpg,22,33,1,38,48
val/00008803.jpg,63,37,89,78,14
val/00008804.jpg,87,51,32,3,99
val/00008805.jpg,91,3,7,60,20
val/00008806.jpg,53,72,50,81,39
val/00008807.jpg,93,46,55,56,72
val/00008808.jpg,35,61,79,52,44
val/00008809.jpg,53,2,72,81,84
val/00008810.jpg,64,41,16,90,59
val/00008811.jpg,71,42,0,32,67
val/00008812.jpg,61,40,94,71,67
val/00008813.jpg,82,31,86,24,5
val/00008814.jpg,82,31,43,97,2
val/00008815.jpg,93,55,4,78,18
val/00008816.jpg,91,28,65,3,20
val/00008817.jpg,84,29,68,44,97
val/00008818.jpg,92,40,21,77,99
val/00008819.jpg,47,6,50,70,69
val/00008820.jpg,20,48,37,91,28
val/00008821.jpg,97,98,68,9,29
val/00008822.jpg,26,28,65,10,91
val/00008823.jpg,10,26,28,91,65
val/00008824.jpg,6,69,33,83,66
val/00008825.jpg,32,67,0,71,61
val/00008826.jpg,0,32,67,71,42
val/00008827.jpg,77,92,21,12,79
val/00008828.jpg,73,50,74,47,6
val/00008829.jpg,51,79,35,81,57
val/00008830.jpg,22,90,11,38,14
val/00008831.jpg,93,31,49,99,55
val/00008832.jpg,96,27,86,82,43
val/00008833.jpg,25,36,19,24,43
val/00008834.jpg,15,87,95,23,75
val/00008835.jpg,84,31,56,68,97
val/00008836.jpg,29,80,9,97,68
val/00008837.jpg,89,69,88,49,16
val/00008838.jpg,91,10,28,65,26
val/00008839.jpg,11,13,8,38,33
val/00008840.jpg,46,99,82,31,42
val/00008841.jpg,89,24,46,39,42
val/00008842.jpg,53,72,46,89,82
val/00008843.jpg,85,39,3,52,24
val/00008844.jpg,79,35,43,24,97
val/00008845.jpg,83,64,16,60,70
val/00008846.jpg,88,66,34,23,14
val/00008847.jpg,43,39,19,52,74
val/00008848.jpg,15,72,19,87,81
val/00008849.jpg,61,35,52,67,39
val/00008850.jpg,52,79,19,43,24
val/00008851.jpg,42,5,24,49,0
val/00008852.jpg,95,87,15,93,2
val/00008853.jpg,74,58,6,15,3
val/00008854.jpg,95,19,74,23,72
val/00008855.jpg,40,21,51,3,92
val/00008856.jpg,1,90,91,48,20
val/00008857.jpg,1,90,64,66,22
val/00008858.jpg,57,35,98,61,68
val/00008859.jpg,20,28,91,42,34
val/00008860.jpg,78,37,14,17,48
val/00008861.jpg,60,69,81,16,19
val/00008862.jpg,95,2,87,74,15
val/00008863.jpg,8,65,91,28,87
val/00008864.jpg,59,16,83,64,18
val/00008865.jpg,34,64,60,17,54
val/00008866.jpg,40,82,97,44,68
val/00008867.jpg,44,29,80,98,9
val/00008868.jpg,82,47,73,76,31
val/00008869.jpg,46,74,6,56,72
val/00008870.jpg,3,74,93,19,39
val/00008871.jpg,11,22,56,66,88
val/00008872.jpg,20,69,59,37,28
val/00008873.jpg,11,17,16,54,69
val/00008874.jpg,1,85,39,20,69
val/00008875.jpg,64,83,90,41,63
val/00008876.jpg,54,70,1,25,50
val/00008877.jpg,72,53,24,39,93
val/00008878.jpg,37,17,69,60,7
val/00008879.jpg,19,81,50,35,52
val/00008880.jpg,12,77,92,21,27
val/00008881.jpg,89,39,69,74,3
val/00008882.jpg,62,18,16,59,70
val/00008883.jpg,40,77,61,98,76
val/00008884.jpg,56,84,74,1,66
val/00008885.jpg,31,82,86,42,94
val/00008886.jpg,46,99,47,31,42
val/00008887.jpg,47,72,50,7,46
val/00008888.jpg,0,5,32,71,89
val/00008889.jpg,42,46,99,89,31
val/00008890.jpg,65,26,47,86,20
val/00008891.jpg,46,30,72,2,81
val/00008892.jpg,60,90,7,64,1
val/00008893.jpg,46,99,82,27,31
val/00008894.jpg,83,16,60,89,49
val/00008895.jpg,80,29,68,35,5
val/00008896.jpg,91,28,20,10,26
val/00008897.jpg,40,68,97,98,77
val/00008898.jpg,39,52,3,19,49
val/00008899.jpg,18,62,16,45,54
val/00008900.jpg,23,66,88,64,7
val/00008901.jpg,77,21,29,79,92
val/00008902.jpg,13,11,45,38,78
val/00008903.jpg,28,91,10,20,26
val/00008904.jpg,21,77,79,92,5
val/00008905.jpg,8,26,10,88,28
val/00008906.jpg,45,62,18,63,13
val/00008907.jpg,65,72,27,48,3
val/00008908.jpg,72,53,46,27,86
val/00008909.jpg,73,50,74,64,34
val/00008910.jpg,35,52,24,79,61
val/00008911.jpg,33,70,38,62,45
val/00008912.jpg,72,39,86,53,52
val/00008913.jpg,42,32,71,67,0
val/00008914.jpg,89,90,69,41,63
val/00008915.jpg,79,77,29,92,55
val/00008916.jpg,77,21,27,40,12
val/00008917.jpg,31,67,94,71,68
val/00008918.jpg,36,25,27,72,96
val/00008919.jpg,2,30,46,49,99
val/00008920.jpg,23,66,17,26,37
val/00008921.jpg,7,69,45,37,63
val/00008922.jpg,81,50,53,72,75
val/00008923.jpg,86,2,49,39,67
val/00008924.jpg,39,43,2,19,89
val/00008925.jpg,7,19,39,54,70
val/00008926.jpg,71,0,42,67,32
val/00008927.jpg,83,16,59,54,90
val/00008928.jpg,87,15,51,75,2
val/00008929.jpg,75,91,65,48,3
val/00008930.jpg,77,92,21,96,55
val/00008931.jpg,34,17,6,20,48
val/00008932.jpg,90,1,41,76,24
val/00008933.jpg,35,43,57,55,52
val/00008934.jpg,22,11,63,14,90
val/00008935.jpg,99,46,39,82,72
val/00008936.jpg,18,89,45,69,62
val/00008937.jpg,86,82,96,74,94
val/00008938.jpg,71,94,2,67,42
val/00008939.jpg,2,30,75,89,87
val/00008940.jpg,76,39,8,44,69
val/00008941.jpg,2,85,71,39,8
val/00008942.jpg,80,35,61,79,49
val/00008943.jpg,8,88,71,2,38
val/00008944.jpg,82,99,46,42,31
val/00008945.jpg,67,94,71,42,32
val/00008946.jpg,37,69,10,59,63
val/00008947.jpg,7,86,69,36,54
val/00008948.jpg,60,64,34,90,26
val/00008949.jpg,59,64,16,70,83
val/00008950.jpg,54,20,17,7,70
val/00008951.jpg,5,24,43,0,31
val/00008952.jpg,31,82,42,32,39
val/00008953.jpg,20,28,10,6,37
val/00008954.jpg,34,64,6,90,69
val/00008955.jpg,57,19,35,79,52
val/00008956.jpg,17,88,23,11,14
val/00008957.jpg,77,79,55,21,92
val/00008958.jpg,56,14,66,94,20
val/00008959.jpg,88,23,66,14,8
val/00008960.jpg,47,72,22,76,78
val/00008961.jpg,25,1,8,13,89
val/00008962.jpg,21,77,94,96,99
val/00008963.jpg,35,55,29,97,79
val/00008964.jpg,32,71,67,0,42
val/00008965.jpg,8,11,88,38,69
val/00008966.jpg,25,74,1,50,73
val/00008967.jpg,13,33,38,58,8
val/00008968.jpg,61,74,18,73,19
val/00008969.jpg,43,30,92,79,97
val/00008970.jpg,25,36,1,78,70
val/00008971.jpg,50,53,47,72,61
val/00008972.jpg,53,43,19,24,95
val/00008973.jpg,76,53,24,90,72
val/00008974.jpg,56,84,35,68,79
val/00008975.jpg,29,67,71,94,32
val/00008976.jpg,76,53,24,72,3
val/00008977.jpg,90,1,48,34,91
val/00008978.jpg,4,88,69,98,10
val/00008979.jpg,99,46,47,73,76
val/00008980.jpg,37,17,69,16,70
val/00008981.jpg,52,19,39,7,93
val/00008982.jpg,99,79,21,92,27
val/00008983.jpg,35,52,57,61,19
val/00008984.jpg,92,77,79,30,12
val/00008985.jpg,68,97,77,29,98
val/00008986.jpg,63,78,41,25,13
val/00008987.jpg,26,86,65,34,28
val/00008988.jpg,75,24,71,3,5
val/00008989.jpg,15,87,95,75,2
val/00008990.jpg,34,85,83,64,6
val/00008991.jpg,82,73,99,86,83
val/00008992.jpg,9,29,68,97,98
val/00008993.jpg,89,60,69,19,83
val/00008994.jpg,46,99,82,27,72
val/00008995.jpg,40,92,97,79,68
val/00008996.jpg,19,52,33,70,38
val/00008997.jpg,91,26,28,10,48
val/00008998.jpg,83,16,39,49,0
val/00008999.jpg,19,7,54,64,52
val/00009000.jpg,92,79,77,97,55
val/00009001.jpg,1,90,63,50,41
val/00009002.jpg,32,67,0,42,71
val/00009003.jpg,13,78,45,26,28
val/00009004.jpg,88,8,14,11,23
val/00009005.jpg,51,40,97,68,98
val/00009006.jpg,13,11,14,78,8
val/00009007.jpg,51,99,82,27,73
val/00009008.jpg,41,63,73,69,34
val/00009009.jpg,60,50,47,25,34
val/00009010.jpg,89,30,94,69,91
val/00009011.jpg,24,1,50,89,39
val/00009012.jpg,77,40,21,12,92
val/00009013.jpg,29,68,97,98,9
val/00009014.jpg,80,29,9,68,98
val/00009015.jpg,42,47,32,67,71
val/00009016.jpg,51,75,97,68,81
val/00009017.jpg,63,16,59,62,18
val/00009018.jpg,57,55,68,35,98
val/00009019.jpg,95,52,79,72,75
val/00009020.jpg,32,0,67,71,42
val/00009021.jpg,25,69,89,37,74
val/00009022.jpg,52,39,24,79,19
val/00009023.jpg,37,10,23,69,78
val/00009024.jpg,23,66,88,8,11
val/00009025.jpg,20,17,37,70,91
val/00009026.jpg,78,10,48,37,26
val/00009027.jpg,22,1,56,60,90
val/00009028.jpg,3,85,24,89,39
val/00009029.jpg,91,28,58,20,10
val/00009030.jpg,19,69,88,14,37
val/00009031.jpg,30,99,96,82,49
val/00009032.jpg,35,61,98,68,52
val/00009033.jpg,42,5,93,43,49
val/00009034.jpg,20,91,28,34,10
val/00009035.jpg,43,5,24,79,35
val/00009036.jpg,86,9,29,26,65
val/00009037.jpg,76,89,90,3,24
val/00009038.jpg,2,71,42,5,0
val/00009039.jpg,50,47,72,19,7
val/00009040.jpg,46,62,50,42,18
val/00009041.jpg,44,9,97,80,29
val/00009042.jpg,14,78,48,37,25
val/00009043.jpg,27,74,72,93,3
val/00009044.jpg,73,25,89,41,1
val/00009045.jpg,96,27,55,29,79
val/00009046.jpg,59,60,16,70,83
val/00009047.jpg,98,68,97,9,29
val/00009048.jpg,87,75,15,2,51
val/00009049.jpg,66,15,23,87,56
val/00009050.jpg,20,69,37,58,17
val/00009051.jpg,18,62,45,54,17
val/00009052.jpg,6,70,17,34,69
val/00009053.jpg,1,48,63,7,60
val/00009054.jpg,99,27,46,62,63
val/00009055.jpg,91,65,28,26,10
val/00009056.jpg,24,79,52,85,5
val/00009057.jpg,30,82,68,84,94
val/00009058.jpg,95,74,15,87,93
val/00009059.jpg,96,29,80,86,9
val/00009060.jpg,42,31,99,89,67
val/00009061.jpg,42,71,47,67,72
val/00009062.jpg,79,24,43,5,92
val/00009063.jpg,32,3,0,67,49
val/00009064.jpg,9,97,51,2,0
val/00009065.jpg,0,89,41,69,32
val/00009066.jpg,59,62,18,86,82
val/00009067.jpg,35,79,97,68,43
val/00009068.jpg,55,79,92,77,49
val/00009069.jpg,88,39,3,85,34
val/00009070.jpg,83,16,60,64,54
val/00009071.jpg,23,88,66,8,87
val/00009072.jpg,73,50,47,74,24
val/00009073.jpg,70,38,17,33,54
val/00009074.jpg,35,68,67,61,97
val/00009075.jpg,34,69,7,63,17
val/00009076.jpg,33,7,54,69,70
val/00009077.jpg,28,65,78,13,10
val/00009078.jpg,35,97,68,79,53
val/00009079.jpg,10,48,91,28,37
val/00009080.jpg,52,39,19,79,24
val/00009081.jpg,58,13,54,49,78
val/00009082.jpg,41,0,69,89,42
val/00009083.jpg,64,15,74,66,90
val/00009084.jpg,16,83,18,57,6
val/00009085.jpg,22,23,66,88,15
val/00009086.jpg,48,1,91,20,34
val/00009087.jpg,35,81,24,52,61
val/00009088.jpg,33,58,48,78,14
val/00009089.jpg,50,3,74,7,91
val/00009090.jpg,50,60,90,73,1
val/00009091.jpg,11,66,56,69,13
val/00009092.jpg,30,99,82,27,74
val/00009093.jpg,56,71,94,49,42
val/00009094.jpg,93,49,55,99,42
val/00009095.jpg,89,37,73,69,50
val/00009096.jpg,7,26,54,70,59
val/00009097.jpg,47,1,50,64,90
val/00009098.jpg,62,45,63,78,18
val/00009099.jpg,79,43,24,97,92
val/00009100.jpg,91,28,26,10,65
val/00009101.jpg,61,68,35,31,67
val/00009102.jpg,81,35,19,57,27
val/00009103.jpg,43,35,9,29,55
val/00009104.jpg,73,47,50,46,31
val/00009105.jpg,35,80,29,55,79
val/00009106.jpg,50,99,47,46,31
val/00009107.jpg,44,22,35,11,56
val/00009108.jpg,79,92,77,21,24
val/00009109.jpg,92,79,77,55,49
val/00009110.jpg,94,3,49,67,10
val/00009111.jpg,38,13,33,78,45
val/00009112.jpg,59,16,83,60,70
val/00009113.jpg,66,10,86,33,8
val/00009114.jpg,25,41,1,74,50
val/00009115.jpg,26,10,91,28,60
val/00009116.jpg,83,16,18,64,89
val/00009117.jpg,31,82,27,68,97
val/00009118.jpg,84,68,98,97,31
val/00009119.jpg,80,29,9,97,68
val/00009120.jpg,52,39,86,85,24
val/00009121.jpg,27,72,99,51,19
val/00009122.jpg,24,79,5,43,71
val/00009123.jpg,77,79,29,92,97
val/00009124.jpg,82,31,99,27,32
val/00009125.jpg,52,39,32,67,71
val/00009126.jpg,18,16,83,54,17
val/00009127.jpg,26,10,28,48,91
val/00009128.jpg,35,52,57,79,19
val/00009129.jpg,77,21,92,97,79
val/00009130.jpg,65,86,91,14,48
val/00009131.jpg,34,60,64,26,17
val/00009132.jpg,82,40,96,86,27
val/00009133.jpg,91,20,48,26,10
val/00009134.jpg,29,55,98,4,9
val/00009135.jpg,92,79,97,77,68
val/00009136.jpg,44,69,35,98,88
val/00009137.jpg,92,77,79,12,27
val/00009138.jpg,57,4,35,81,52
val/00009139.jpg,51,97,27,40,31
val/00009140.jpg,60,90,41,54,1
val/00009141.jpg,14,78,17,48,26
val/00009142.jpg,81,75,53,50,72
val/00009143.jpg,7,86,36,39,91
val/00009144.jpg,91,48,10,37,14
val/00009145.jpg,15,87,95,66,51
val/00009146.jpg,72,8,1,69,2
val/00009147.jpg,63,69,14,37,34
val/00009148.jpg,65,91,26,28,48
val/00009149.jpg,70,54,16,60,18
val/00009150.jpg,58,33,65,28,91
val/00009151.jpg,83,16,64,6,41
val/00009152.jpg,9,68,97,98,29
val/00009153.jpg,16,83,64,18,60
val/00009154.jpg,3,88,98,4,68
val/00009155.jpg,62,58,45,59,33
val/00009156.jpg,18,54,16,62,17
val/00009157.jpg,65,3,94,48,28
val/00009158.jpg,51,30,99,21,75
val/00009159.jpg,50,72,65,37,42
val/00009160.jpg,41,89,63,69,6
val/00009161.jpg,9,44,29,97,68
val/00009162.jpg,99,46,86,74,39
val/00009163.jpg,8,88,2,38,13
val/00009164.jpg,95,15,87,74,66
val/00009165.jpg,90,41,6,73,1
val/00009166.jpg,0,9,51,2,97
val/00009167.jpg,93,42,46,99,82
val/00009168.jpg,67,9,0,32,68
val/00009169.jpg,20,28,37,74,34
val/00009170.jpg,65,72,47,75,48
val/00009171.jpg,57,4,35,55,98
val/00009172.jpg,55,96,35,98,57
val/00009173.jpg,63,69,6,34,17
val/00009174.jpg,66,23,88,8,22
val/00009175.jpg,31,27,82,97,68
val/00009176.jpg,20,10,26,91,37
val/00009177.jpg,35,52,61,79,19
val/00009178.jpg,75,81,51,72,27
val/00009179.jpg,57,19,52,35,4
val/00009180.jpg,76,24,79,5,92
val/00009181.jpg,17,70,34,63,13
val/00009182.jpg,31,82,67,27,99
val/00009183.jpg,90,76,60,73,74
val/00009184.jpg,34,91,60,20,26
val/00009185.jpg,10,19,39,26,37
val/00009186.jpg,35,44,79,55,61
val/00009187.jpg,55,49,83,99,43
val/00009188.jpg,99,82,31,96,86
val/00009189.jpg,74,3,24,49,39
val/00009190.jpg,96,9,27,29,86
val/00009191.jpg,78,14,13,37,63
val/00009192.jpg,36,19,7,50,39
val/00009193.jpg,22,58,54,33,17
val/00009194.jpg,92,79,24,77,97
val/00009195.jpg,4,55,80,35,69
val/00009196.jpg,8,69,10,63,89
val/00009197.jpg,9,2,97,43,68
val/00009198.jpg,7,39,86,19,96
val/00009199.jpg,62,59,45,18,70
val/00009200.jpg,74,95,93,3,99
val/00009201.jpg,29,9,97,68,80
val/00009202.jpg,17,58,56,70,13
val/00009203.jpg,0,67,32,71,42
val/00009204.jpg,97,68,9,98,29
val/00009205.jpg,46,42,99,0,67
val/00009206.jpg,90,69,1,34,63
val/00009207.jpg,36,19,39,34,52
val/00009208.jpg,54,70,33,38,17
val/00009209.jpg,76,96,39,40,24
val/00009210.jpg,33,58,38,13,78
val/00009211.jpg,71,52,79,24,85
val/00009212.jpg,4,10,26,30,96
val/00009213.jpg,80,96,44,29,43
val/00009214.jpg,59,45,63,37,78
val/00009215.jpg,12,77,40,21,92
val/00009216.jpg,91,20,48,10,28
val/00009217.jpg,29,9,97,68,80
val/00009218.jpg,20,37,14,78,28
val/00009219.jpg,96,76,46,53,27
val/00009220.jpg,50,73,74,39,72
val/00009221.jpg,45,62,18,89,63
val/00009222.jpg,74,93,55,15,49
val/00009223.jpg,56,84,66,74,46
val/00009224.jpg,29,9,86,80,96
val/00009225.jpg,71,0,42,67,32
val/00009226.jpg,83,16,54,60,59
val/00009227.jpg,67,32,71,0,42
val/00009228.jpg,4,21,77,98,27
val/00009229.jpg,39,53,85,72,76
val/00009230.jpg,71,0,32,42,67
val/00009231.jpg,89,69,19,84,1
val/00009232.jpg,42,67,32,71,0
val/00009233.jpg,73,50,82,74,99
val/00009234.jpg,69,19,39,1,83
val/00009235.jpg,10,37,48,26,28
val/00009236.jpg,28,91,26,65,10
val/00009237.jpg,32,67,71,0,42
val/00009238.jpg,8,18,38,89,69
val/00009239.jpg,83,54,16,30,49
val/00009240.jpg,57,68,97,84,98
val/00009241.jpg,92,12,40,77,21
val/00009242.jpg,14,37,78,48,10
val/00009243.jpg,71,49,42,67,94
val/00009244.jpg,95,72,75,3,49
val/00009245.jpg,98,68,97,57,53
val/00009246.jpg,40,51,97,68,81
val/00009247.jpg,71,67,0,42,32
val/00009248.jpg,0,32,71,67,42
val/00009249.jpg,19,89,69,76,24
val/00009250.jpg,28,91,65,10,26
val/00009251.jpg,54,70,58,33,17
val/00009252.jpg,62,18,63,16,45
val/00009253.jpg,44,97,9,68,2
val/00009254.jpg,69,89,6,60,90
val/00009255.jpg,62,45,63,70,18
val/00009256.jpg,46,21,53,77,99
val/00009257.jpg,44,96,29,9,27
val/00009258.jpg,64,83,16,60,41
val/00009259.jpg,0,67,32,71,94
val/00009260.jpg,66,23,48,20,88
val/00009261.jpg,8,38,11,88,33
val/00009262.jpg,57,81,19,52,24
val/00009263.jpg,13,33,54,38,7
val/00009264.jpg,86,74,27,17,39
val/00009265.jpg,41,69,42,0,67
val/00009266.jpg,32,71,67,49,42
val/00009267.jpg,94,71,67,32,3
val/00009268.jpg,50,73,37,10,60
val/00009269.jpg,75,30,24,5,43
val/00009270.jpg,98,68,97,29,84
val/00009271.jpg,16,83,59,60,89
val/00009272.jpg,58,10,28,65,91
val/00009273.jpg,7,69,1,90,63
val/00009274.jpg,32,67,0,31,61
val/00009275.jpg,61,35,52,79,67
val/00009276.jpg,21,99,30,46,42
val/00009277.jpg,13,17,66,33,54
val/00009278.jpg,32,67,71,0,61
val/00009279.jpg,12,83,16,41,30
val/00009280.jpg,16,83,18,54,60
val/00009281.jpg,3,49,74,71,21
val/00009282.jpg,18,62,17,54,70
val/00009283.jpg,66,23,56,88,1
val/00009284.jpg,52,19,79,24,85
val/00009285.jpg,17,34,60,70,6
val/00009286.jpg,34,17,7,86,64
val/00009287.jpg,10,26,48,37,78
val/00009288.jpg,55,35,68,97,93
val/00009289.jpg,37,14,48,10,20
val/00009290.jpg,75,72,53,52,65
val/00009291.jpg,31,82,99,42,32
val/00009292.jpg,81,72,75,53,39
val/00009293.jpg,65,91,28,21,3
val/00009294.jpg,72,53,44,40,46
val/00009295.jpg,93,49,2,55,42
val/00009296.jpg,68,29,84,9,98
val/00009297.jpg,86,39,50,74,65
val/00009298.jpg,84,56,27,46,99
val/00009299.jpg,41,24,90,89,69
val/00009300.jpg,9,44,97,35,29
val/00009301.jpg,86,82,42,99,0
val/00009302.jpg,35,97,68,84,44
val/00009303.jpg,84,68,57,56,31
val/00009304.jpg,74,12,73,3,77
val/00009305.jpg,4,22,1,60,24
val/00009306.jpg,17,14,6,11,37
val/00009307.jpg,32,67,61,0,42
val/00009308.jpg,46,99,31,82,47
val/00009309.jpg,12,77,21,92,27
val/00009310.jpg,54,17,58,26,34
val/00009311.jpg,22,90,1,69,63
val/00009312.jpg,62,70,45,17,59
val/00009313.jpg,17,48,37,70,78
val/00009314.jpg,5,24,43,71,0
val/00009315.jpg,20,37,14,70,78
val/00009316.jpg,91,28,10,26,20
val/00009317.jpg,57,83,16,35,84
val/00009318.jpg,48,1,78,37,63
val/00009319.jpg,21,99,77,65,30
val/00009320.jpg,5,0,29,97,80
val/00009321.jpg,38,11,13,78,63
val/00009322.jpg,79,24,35,80,43
val/00009323.jpg,53,24,81,35,68
val/00009324.jpg,79,43,55,2,92
val/00009325.jpg,13,11,14,78,88
val/00009326.jpg,56,84,57,75,52
val/00009327.jpg,77,55,79,68,2
val/00009328.jpg,8,38,33,70,88
val/00009329.jpg,27,80,35,68,79
val/00009330.jpg,75,15,87,51,81
val/00009331.jpg,36,7,25,39,69
val/00009332.jpg,61,35,52,32,24
val/00009333.jpg,4,29,77,80,21
val/00009334.jpg,34,17,14,13,78
val/00009335.jpg,21,99,92,77,30
val/00009336.jpg,69,96,29,80,89
val/00009337.jpg,93,24,5,79,42
val/00009338.jpg,39,89,76,40,24
val/00009339.jpg,40,44,97,96,74
val/00009340.jpg,53,72,81,27,76
val/00009341.jpg,41,39,89,63,69
val/00009342.jpg,82,90,69,73,7
val/00009343.jpg,36,7,14,69,4
val/00009344.jpg,3,74,94,67,65
val/00009345.jpg,47,53,72,50,46
val/00009346.jpg,31,3,74,94,49
val/00009347.jpg,89,41,69,0,42
val/00009348.jpg,91,48,20,10,37
val/00009349.jpg,92,77,79,12,21
val/00009350.jpg,15,81,87,75,72
val/00009351.jpg,41,1,90,89,73
val/00009352.jpg,46,72,47,53,50
val/00009353.jpg,7,39,69,91,65
val/00009354.jpg,35,97,68,43,61
val/00009355.jpg,20,42,37,14,63
val/00009356.jpg,0,5,24,32,71
val/00009357.jpg,8,18,89,28,69
val/00009358.jpg,80,29,4,57,79
val/00009359.jpg,29,80,97,44,9
val/00009360.jpg,17,70,58,54,74
val/00009361.jpg,35,68,98,44,97
val/00009362.jpg,35,79,52,24,19
val/00009363.jpg,18,62,63,45,17
val/00009364.jpg,52,19,79,35,24
val/00009365.jpg,91,28,10,65,26
val/00009366.jpg,80,29,44,5,9
val/00009367.jpg,50,94,3,31,37
val/00009368.jpg,68,97,77,29,55
val/00009369.jpg,9,29,98,97,68
val/00009370.jpg,86,39,42,65,91
val/00009371.jpg,27,30,49,74,56
val/00009372.jpg,75,87,15,23,2
val/00009373.jpg,53,72,50,81,24
val/00009374.jpg,39,1,50,7,86
val/00009375.jpg,85,52,39,49,71
val/00009376.jpg,78,37,10,14,48
val/00009377.jpg,67,0,32,71,94
val/00009378.jpg,93,55,49,4,13
val/00009379.jpg,86,20,39,69,74
val/00009380.jpg,26,10,28,65,17
val/00009381.jpg,37,4,10,16,69
val/00009382.jpg,46,47,72,99,42
val/00009383.jpg,22,56,11,4,66
val/00009384.jpg,12,77,21,92,99
val/00009385.jpg,96,77,92,82,80
val/00009386.jpg,55,98,29,77,68
val/00009387.jpg,76,8,39,32,2
val/00009388.jpg,38,33,70,64,63
val/00009389.jpg,84,19,56,68,43
val/00009390.jpg,90,64,60,22,7
val/00009391.jpg,22,11,1,90,14
val/00009392.jpg,73,74,50,47,82
val/00009393.jpg,39,71,85,72,32
val/00009394.jpg,90,51,69,74,41
val/00009395.jpg,27,12,77,99,92
val/00009396.jpg,80,29,44,9,97
val/00009397.jpg,43,53,39,96,97
val/00009398.jpg,62,28,20,69,37
val/00009399.jpg,93,78,72,52,3
val/00009400.jpg,17,70,37,63,62
val/00009401.jpg,22,13,38,8,48
val/00009402.jpg,83,64,16,54,41
val/00009403.jpg,18,62,45,16,17
val/00009404.jpg,58,20,33,28,91
val/00009405.jpg,2,9,43,97,44
val/00009406.jpg,95,87,15,23,75
val/00009407.jpg,58,69,4,17,22
val/00009408.jpg,77,12,27,92,55
val/00009409.jpg,96,44,9,97,27
val/00009410.jpg,58,54,33,70,18
val/00009411.jpg,58,33,28,10,54
val/00009412.jpg,21,77,3,68,98
val/00009413.jpg,44,97,35,80,29
val/00009414.jpg,68,98,29,97,9
val/00009415.jpg,55,4,49,10,54
val/00009416.jpg,17,70,6,37,66
val/00009417.jpg,19,7,93,72,49
val/00009418.jpg,77,79,97,92,29
val/00009419.jpg,77,4,27,21,99
val/00009420.jpg,61,85,52,24,53
val/00009421.jpg,42,32,71,0,67
val/00009422.jpg,48,28,91,10,20
val/00009423.jpg,94,71,67,3,32
val/00009424.jpg,48,1,13,20,34
val/00009425.jpg,11,66,88,22,15
val/00009426.jpg,30,75,96,99,43
val/00009427.jpg,84,68,97,44,98
val/00009428.jpg,37,17,48,78,20
val/00009429.jpg,91,28,65,10,48
val/00009430.jpg,29,11,88,44,80
val/00009431.jpg,32,61,67,31,47
val/00009432.jpg,42,39,7,69,89
val/00009433.jpg,94,67,71,86,32
val/00009434.jpg,38,62,18,45,63
val/00009435.jpg,21,40,77,99,51
val/00009436.jpg,51,15,79,72,53
val/00009437.jpg,24,82,32,67,31
val/00009438.jpg,76,90,53,24,39
val/00009439.jpg,73,47,72,46,50
val/00009440.jpg,68,98,84,4,57
val/00009441.jpg,32,67,71,0,42
val/00009442.jpg,60,34,56,64,19
val/00009443.jpg,20,91,48,37,10
val/00009444.jpg,98,68,97,57,77
val/00009445.jpg,43,42,49,5,79
val/00009446.jpg,49,79,55,92,77
val/00009447.jpg,27,55,49,99,51
val/00009448.jpg,62,18,45,17,70
val/00009449.jpg,6,64,83,70,54
val/00009450.jpg,65,48,26,91,37
val/00009451.jpg,63,69,42,6,45
val/00009452.jpg,13,28,10,11,48
val/00009453.jpg,31,93,19,84,72
val/00009454.jpg,96,29,26,80,86
val/00009455.jpg,12,40,77,96,74
val/00009456.jpg,75,65,86,67,3
val/00009457.jpg,84,68,52,19,39
val/00009458.jpg,74,27,99,51,3
val/00009459.jpg,40,44,97,92,68
val/00009460.jpg,26,65,91,10,28
val/00009461.jpg,85,39,3,24,52
val/00009462.jpg,19,53,72,50,46
val/00009463.jpg,64,90,63,41,1
val/00009464.jpg,39,76,27,86,96
val/00009465.jpg,7,69,19,72,1
val/00009466.jpg,18,62,54,69,82
val/00009467.jpg,60,19,89,69,36
val/00009468.jpg,54,7,33,58,66
val/00009469.jpg,9,97,40,68,29
val/00009470.jpg,83,54,16,6,64
val/00009471.jpg,56,84,74,75,49
val/00009472.jpg,17,70,59,62,37
val/00009473.jpg,24,5,74,92,79
val/00009474.jpg,7,69,10,91,39
val/00009475.jpg,79,43,24,5,35
val/00009476.jpg,28,91,65,48,58
val/00009477.jpg,31,99,82,46,32
val/00009478.jpg,56,84,74,3,72
val/00009479.jpg,86,7,10,65,69
val/00009480.jpg,18,62,45,6,69
val/00009481.jpg,1,22,63,48,11
val/00009482.jpg,90,1,41,22,89
val/00009483.jpg,79,43,55,77,29
val/00009484.jpg,23,66,88,95,69
val/00009485.jpg,28,26,91,65,34
val/00009486.jpg,70,54,33,17,60
val/00009487.jpg,82,31,99,46,27
val/00009488.jpg,3,24,39,74,21
val/00009489.jpg,65,48,86,3,25
val/00009490.jpg,5,71,2,24,0
val/00009491.jpg,55,79,77,43,49
val/00009492.jpg,1,63,69,90,11
val/00009493.jpg,7,66,17,23,69
val/00009494.jpg,91,28,10,26,48
val/00009495.jpg,94,71,67,49,32
val/00009496.jpg,86,56,74,34,65
val/00009497.jpg,43,2,49,9,55
val/00009498.jpg,30,82,99,83,42
val/00009499.jpg,54,18,62,17,45
val/00009500.jpg,10,26,34,17,20
val/00009501.jpg,54,16,18,83,10
val/00009502.jpg,31,97,27,82,68
val/00009503.jpg,28,34,17,14,13
val/00009504.jpg,81,75,44,53,40
val/00009505.jpg,93,31,52,3,71
val/00009506.jpg,84,3,74,39,52
val/00009507.jpg,62,18,45,63,6
val/00009508.jpg,86,39,65,42,67
val/00009509.jpg,98,97,77,68,55
val/00009510.jpg,7,69,36,86,14
val/00009511.jpg,59,70,45,60,78
val/00009512.jpg,44,72,22,89,16
val/00009513.jpg,87,30,51,75,15
val/00009514.jpg,66,86,64,34,17
val/00009515.jpg,99,42,46,32,30
val/00009516.jpg,18,16,8,62,38
val/00009517.jpg,18,62,17,69,74
val/00009518.jpg,74,49,27,96,99
val/00009519.jpg,67,94,75,71,49
val/00009520.jpg,86,67,2,32,71
val/00009521.jpg,32,19,67,47,31
val/00009522.jpg,60,34,59,19,70
val/00009523.jpg,58,33,20,10,91
val/00009524.jpg,44,35,61,55,98
val/00009525.jpg,90,41,64,60,1
val/00009526.jpg,32,61,67,0,71
val/00009527.jpg,69,35,6,56,57
val/00009528.jpg,85,42,32,0,71
val/00009529.jpg,83,89,85,69,16
val/00009530.jpg,46,72,50,42,99
val/00009531.jpg,4,57,43,93,35
val/00009532.jpg,60,83,64,16,54
val/00009533.jpg,33,38,78,70,45
val/00009534.jpg,84,56,74,66,46
val/00009535.jpg,16,83,59,60,62
val/00009536.jpg,59,70,45,62,37
val/00009537.jpg,9,44,29,80,97
val/00009538.jpg,54,7,17,69,45
val/00009539.jpg,46,19,72,24,99
val/00009540.jpg,93,55,49,4,35
val/00009541.jpg,23,66,88,14,87
val/00009542.jpg,6,69,66,10,34
val/00009543.jpg,74,2,99,31,46
val/00009544.jpg,71,94,67,75,31
val/00009545.jpg,87,15,95,51,75
val/00009546.jpg,96,55,27,39,86
val/00009547.jpg,96,9,75,86,27
val/00009548.jpg,80,29,9,44,97
val/00009549.jpg,17,34,6,69,62
val/00009550.jpg,18,55,54,96,93
val/00009551.jpg,74,86,75,58,95
val/00009552.jpg,2,87,43,5,75
val/00009553.jpg,14,37,78,63,20
val/00009554.jpg,71,69,42,1,89
val/00009555.jpg,68,97,98,77,27
val/00009556.jpg,33,58,70,17,38
val/00009557.jpg,99,82,86,31,42
val/00009558.jpg,38,33,70,45,63
val/00009559.jpg,16,17,54,83,33
val/00009560.jpg,99,42,21,49,65
val/00009561.jpg,93,31,49,42,46
val/00009562.jpg,93,49,3,42,39
val/00009563.jpg,54,26,86,10,37
val/00009564.jpg,42,46,50,49,56
val/00009565.jpg,21,99,77,24,42
val/00009566.jpg,90,22,63,76,11
val/00009567.jpg,8,38,88,14,33
val/00009568.jpg,99,82,46,21,42
val/00009569.jpg,30,99,21,51,74
val/00009570.jpg,55,98,96,79,35
val/00009571.jpg,21,77,99,92,97
val/00009572.jpg,23,47,66,64,7
val/00009573.jpg,54,22,33,58,64
val/00009574.jpg,83,16,64,18,60
val/00009575.jpg,1,90,25,41,7
val/00009576.jpg,54,33,70,17,18
val/00009577.jpg,91,20,48,28,7
val/00009578.jpg,35,68,79,57,84
val/00009579.jpg,73,50,47,60,25
val/00009580.jpg,91,65,48,28,34
val/00009581.jpg,51,92,79,55,99
val/00009582.jpg,13,78,45,37,48
val/00009583.jpg,28,91,65,21,13
val/00009584.jpg,11,88,14,78,98
val/00009585.jpg,4,77,21,40,99
val/00009586.jpg,31,82,84,99,46
val/00009587.jpg,15,87,74,51,75
val/00009588.jpg,90,7,34,36,25
val/00009589.jpg,6,69,63,70,34
val/00009590.jpg,61,30,0,32,67
val/00009591.jpg,66,23,11,22,88
val/00009592.jpg,53,44,81,97,72
val/00009593.jpg,38,70,33,58,13
val/00009594.jpg,17,26,64,6,70
val/00009595.jpg,80,35,61,24,68
val/00009596.jpg,11,22,8,1,66
val/00009597.jpg,44,97,9,98,68
val/00009598.jpg,0,71,67,32,42
val/00009599.jpg,5,75,96,24,97
val/00009600.jpg,61,24,39,52,43
val/00009601.jpg,31,68,97,82,98
val/00009602.jpg,74,15,27,39,3
val/00009603.jpg,6,17,10,37,62
val/00009604.jpg,81,72,53,51,75
val/00009605.jpg,85,71,49,42,0
val/00009606.jpg,49,94,71,42,67
val/00009607.jpg,21,4,77,51,12
val/00009608.jpg,53,72,76,46,98
val/00009609.jpg,94,3,71,67,32
val/00009610.jpg,36,7,19,14,69
val/00009611.jpg,41,63,89,69,18
val/00009612.jpg,53,96,43,24,76
val/00009613.jpg,35,43,68,52,97
val/00009614.jpg,55,98,97,79,68
val/00009615.jpg,63,62,37,78,45
val/00009616.jpg,57,84,61,79,52
val/00009617.jpg,37,20,14,59,10
val/00009618.jpg,84,68,98,57,31
val/00009619.jpg,99,21,27,51,46
val/00009620.jpg,72,53,2,75,87
val/00009621.jpg,21,77,99,27,65
val/00009622.jpg,10,28,20,26,69
val/00009623.jpg,50,73,47,7,19
val/00009624.jpg,32,67,0,71,42
val/00009625.jpg,10,54,17,18,26
val/00009626.jpg,22,24,1,64,53
val/00009627.jpg,26,78,48,37,10
val/00009628.jpg,16,83,18,54,60
val/00009629.jpg,92,30,21,56,3
val/00009630.jpg,59,62,16,54,18
val/00009631.jpg,40,44,51,92,97
val/00009632.jpg,89,69,60,41,34
val/00009633.jpg,14,37,78,10,48
val/00009634.jpg,76,39,19,52,86
val/00009635.jpg,42,65,86,32,48
val/00009636.jpg,40,77,21,92,98
val/00009637.jpg,17,16,83,54,64
val/00009638.jpg,61,67,94,71,35
val/00009639.jpg,52,79,35,24,19
val/00009640.jpg,62,45,18,70,63
val/00009641.jpg,64,38,18,66,6
val/00009642.jpg,5,24,43,0,36
val/00009643.jpg,74,3,25,19,93
val/00009644.jpg,49,30,43,42,0
val/00009645.jpg,94,21,30,77,67
val/00009646.jpg,9,29,97,44,53
val/00009647.jpg,46,76,42,49,24
val/00009648.jpg,78,45,13,37,14
val/00009649.jpg,30,87,2,75,99
val/00009650.jpg,4,88,87,3,19
val/00009651.jpg,74,73,3,50,20
val/00009652.jpg,79,55,49,51,43
val/00009653.jpg,22,14,33,11,66
val/00009654.jpg,50,73,47,82,37
val/00009655.jpg,73,21,99,46,82
val/00009656.jpg,94,67,71,31,75
val/00009657.jpg,27,46,72,30,99
val/00009658.jpg,26,13,28,54,34
val/00009659.jpg,33,58,38,13,70
val/00009660.jpg,91,10,28,20,48
val/00009661.jpg,91,28,65,10,26
val/00009662.jpg,44,40,98,97,68
val/00009663.jpg,20,91,7,94,23
val/00009664.jpg,10,26,28,34,91
val/00009665.jpg,86,26,54,96,39
val/00009666.jpg,98,68,53,97,72
val/00009667.jpg,83,16,89,18,69
val/00009668.jpg,79,43,24,53,55
val/00009669.jpg,50,47,73,53,37
val/00009670.jpg,81,52,19,72,79
val/00009671.jpg,2,0,67,42,32
val/00009672.jpg,42,71,0,32,67
val/00009673.jpg,35,61,52,19,3
val/00009674.jpg,52,49,71,67,79
val/00009675.jpg,88,14,11,4,69
val/00009676.jpg,25,1,90,69,7
val/00009677.jpg,13,8,28,88,11
val/00009678.jpg,30,49,27,77,21
val/00009679.jpg,84,56,68,46,21
val/00009680.jpg,28,10,13,78,91
val/00009681.jpg,16,59,60,83,18
val/00009682.jpg,98,68,97,9,55
val/00009683.jpg,45,62,63,78,37
val/00009684.jpg,90,64,34,60,41
val/00009685.jpg,77,21,97,68,92
val/00009686.jpg,27,74,96,12,77
val/00009687.jpg,16,18,83,89,69
val/00009688.jpg,96,99,79,43,30
val/00009689.jpg,89,24,69,1,63
val/00009690.jpg,69,14,63,7,23
val/00009691.jpg,96,40,39,76,9
val/00009692.jpg,23,66,95,15,74
val/00009693.jpg,5,0,2,76,24
val/00009694.jpg,0,71,32,67,42
val/00009695.jpg,58,33,17,20,70
val/00009696.jpg,45,62,70,59,63
val/00009697.jpg,12,77,27,21,99
val/00009698.jpg,25,41,86,90,26
val/00009699.jpg,64,22,41,88,90
val/00009700.jpg,25,1,36,14,90
val/00009701.jpg,69,6,17,89,26
val/00009702.jpg,8,46,18,63,11
val/00009703.jpg,80,29,96,44,9
val/00009704.jpg,21,99,77,65,30
val/00009705.jpg,56,84,1,49,72
val/00009706.jpg,40,9,0,30,71
val/00009707.jpg,60,90,34,64,7
val/00009708.jpg,76,30,24,89,96
val/00009709.jpg,32,67,0,71,85
val/00009710.jpg,0,32,67,71,42
val/00009711.jpg,19,49,79,52,39
val/00009712.jpg,31,78,59,89,42
val/00009713.jpg,97,68,55,98,57
val/00009714.jpg,96,9,97,99,40
val/00009715.jpg,8,18,88,38,62
val/00009716.jpg,0,94,32,5,67
val/00009717.jpg,12,77,21,92,40
val/00009718.jpg,16,83,54,18,62
val/00009719.jpg,26,6,10,28,91
val/00009720.jpg,75,43,2,30,74
val/00009721.jpg,39,81,19,52,72
val/00009722.jpg,78,13,42,37,65
val/00009723.jpg,9,97,68,29,98
val/00009724.jpg,72,53,47,50,23
val/00009725.jpg,56,84,2,74,87
val/00009726.jpg,30,51,75,82,99
val/00009727.jpg,27,72,96,19,39
val/00009728.jpg,32,42,46,99,67
val/00009729.jpg,80,29,5,97,9
val/00009730.jpg,60,34,89,69,6
val/00009731.jpg,76,39,86,50,90
val/00009732.jpg,29,80,68,97,9
val/00009733.jpg,93,52,35,19,55
val/00009734.jpg,26,10,28,37,20
val/00009735.jpg,70,59,60,54,37
val/00009736.jpg,14,37,48,36,78
val/00009737.jpg,84,56,74,3,73
val/00009738.jpg,26,91,10,14,48
val/00009739.jpg,32,67,71,0,42
val/00009740.jpg,26,91,10,28,65
val/00009741.jpg,17,14,78,37,45
val/00009742.jpg,50,86,39,72,47
val/00009743.jpg,39,76,96,86,90
val/00009744.jpg,57,35,68,97,79
val/00009745.jpg,39,52,72,19,53
val/00009746.jpg,48,65,28,91,10
val/00009747.jpg,41,63,64,89,69
val/00009748.jpg,7,54,23,26,19
val/00009749.jpg,7,91,48,33,20
val/00009750.jpg,81,24,75,52,72
val/00009751.jpg,47,42,46,50,72
val/00009752.jpg,31,19,82,84,50
val/00009753.jpg,51,53,97,68,99
val/00009754.jpg,82,31,99,21,32
val/00009755.jpg,87,75,2,15,95
val/00009756.jpg,12,92,77,27,21
val/00009757.jpg,82,31,97,99,27
val/00009758.jpg,43,35,79,97,9
val/00009759.jpg,76,24,96,77,21
val/00009760.jpg,45,62,13,18,38
val/00009761.jpg,75,87,56,2,51
val/00009762.jpg,47,50,76,90,72
val/00009763.jpg,55,98,35,9,29
val/00009764.jpg,44,35,9,2,39
val/00009765.jpg,82,99,47,30,32
val/00009766.jpg,51,75,27,40,81
val/00009767.jpg,9,2,29,96,86
val/00009768.jpg,7,65,86,91,48
val/00009769.jpg,77,4,92,21,12
val/00009770.jpg,75,65,48,91,3
val/00009771.jpg,45,59,62,78,63
val/00009772.jpg,29,68,97,9,98
val/00009773.jpg,71,32,67,42,0
val/00009774.jpg,26,74,17,34,86
val/00009775.jpg,27,79,77,92,21
val/00009776.jpg,61,98,35,68,52
val/00009777.jpg,9,68,97,0,67
val/00009778.jpg,20,48,37,26,34
val/00009779.jpg,24,53,72,52,39
val/00009780.jpg,41,90,64,63,6
val/00009781.jpg,91,65,28,3,26
val/00009782.jpg,58,33,48,78,10
val/00009783.jpg,45,78,63,62,13
val/00009784.jpg,49,75,15,2,87
val/00009785.jpg,45,63,62,38,78
val/00009786.jpg,28,10,91,48,20
val/00009787.jpg,55,57,98,43,35
val/00009788.jpg,54,60,7,17,70
val/00009789.jpg,47,50,72,31,37
val/00009790.jpg,8,88,20,48,28
val/00009791.jpg,13,11,78,17,45
val/00009792.jpg,20,10,48,37,28
val/00009793.jpg,57,35,80,79,68
val/00009794.jpg,86,69,34,37,7
val/00009795.jpg,96,55,9,29,80
val/00009796.jpg,74,25,27,3,69
val/00009797.jpg,41,63,64,18,89
val/00009798.jpg,15,87,95,51,75
val/00009799.jpg,69,6,41,63,89
val/00009800.jpg,11,28,10,65,22
val/00009801.jpg,35,79,61,43,80
val/00009802.jpg,57,98,68,35,55
val/00009803.jpg,49,30,43,0,5
val/00009804.jpg,39,20,86,76,37
val/00009805.jpg,63,41,11,69,8
val/00009806.jpg,86,49,79,85,52
val/00009807.jpg,13,11,78,45,63
val/00009808.jpg,62,18,45,63,17
val/00009809.jpg,69,63,10,13,11
val/00009810.jpg,95,87,88,8,15
val/00009811.jpg,1,90,63,91,69
val/00009812.jpg,54,18,62,38,13
val/00009813.jpg,83,16,60,54,64
val/00009814.jpg,23,66,64,20,91
val/00009815.jpg,45,62,89,18,63
val/00009816.jpg,49,79,42,71,72
val/00009817.jpg,80,29,44,9,97
val/00009818.jpg,45,59,62,38,78
val/00009819.jpg,89,36,69,90,25
val/00009820.jpg,92,40,30,44,84
val/00009821.jpg,33,58,70,45,37
val/00009822.jpg,75,81,72,50,3
val/00009823.jpg,13,14,78,28,8
val/00009824.jpg,54,17,26,86,74
val/00009825.jpg,34,26,7,20,91
val/00009826.jpg,9,55,98,68,97
val/00009827.jpg,87,15,2,95,75
val/00009828.jpg,6,40,34,69,89
val/00009829.jpg,18,62,54,45,16
val/00009830.jpg,31,82,99,97,21
val/00009831.jpg,64,8,88,11,33
val/00009832.jpg,46,99,42,82,31
val/00009833.jpg,31,42,82,94,67
val/00009834.jpg,14,48,7,90,65
val/00009835.jpg,49,46,99,21,93
val/00009836.jpg,52,79,24,43,19
val/00009837.jpg,84,68,43,97,35
val/00009838.jpg,1,48,54,25,60
val/00009839.jpg,52,19,39,79,85
val/00009840.jpg,93,52,56,55,43
val/00009841.jpg,91,7,28,10,20
val/00009842.jpg,72,53,50,47,46
val/00009843.jpg,64,41,90,60,73
val/00009844.jpg,27,19,52,5,43
val/00009845.jpg,99,46,72,39,50
val/00009846.jpg,90,1,91,41,24
val/00009847.jpg,54,58,33,17,7
val/00009848.jpg,59,60,70,54,16
val/00009849.jpg,59,60,70,54,7
val/00009850.jpg,14,78,88,37,4
val/00009851.jpg,66,23,56,74,88
val/00009852.jpg,50,46,72,99,39
val/00009853.jpg,34,64,83,60,90
val/00009854.jpg,95,87,23,66,15
val/00009855.jpg,70,63,1,64,33
val/00009856.jpg,57,52,19,35,79
val/00009857.jpg,68,29,77,97,80
val/00009858.jpg,60,7,64,34,69
val/00009859.jpg,45,62,38,59,78
val/00009860.jpg,15,87,51,74,95
val/00009861.jpg,71,0,67,42,5
val/00009862.jpg,7,37,48,69,34
val/00009863.jpg,50,72,39,73,1
val/00009864.jpg,60,90,34,25,64
val/00009865.jpg,8,23,88,38,14
val/00009866.jpg,87,15,75,21,2
val/00009867.jpg,77,21,12,92,99
val/00009868.jpg,26,29,86,34,9
val/00009869.jpg,71,42,67,49,46
val/00009870.jpg,60,70,59,50,7
val/00009871.jpg,69,63,6,88,4
val/00009872.jpg,9,97,68,98,55
val/00009873.jpg,20,28,37,26,91
val/00009874.jpg,80,29,9,44,68
val/00009875.jpg,3,19,24,52,39
val/00009876.jpg,63,89,6,41,69
val/00009877.jpg,44,9,29,97,68
val/00009878.jpg,76,24,3,39,52
val/00009879.jpg,13,38,78,11,17
val/00009880.jpg,8,88,13,2,66
val/00009881.jpg,57,56,84,19,34
val/00009882.jpg,34,64,14,88,69
val/00009883.jpg,50,72,53,47,81
val/00009884.jpg,44,80,29,9,97
val/00009885.jpg,30,82,99,74,96
val/00009886.jpg,84,31,68,97,46
val/00009887.jpg,55,98,49,68,9
val/00009888.jpg,50,73,37,63,74
val/00009889.jpg,92,79,97,77,68
val/00009890.jpg,97,77,68,40,92
val/00009891.jpg,1,66,90,56,63
val/00009892.jpg,6,60,70,17,64
val/00009893.jpg,39,85,34,89,3
val/00009894.jpg,63,42,69,67,89
val/00009895.jpg,90,89,76,1,24
val/00009896.jpg,83,16,64,17,18
val/00009897.jpg,71,67,32,52,49
val/00009898.jpg,16,83,18,62,45
val/00009899.jpg,72,53,52,39,19
val/00009900.jpg,75,87,95,15,51
val/00009901.jpg,39,86,32,96,52
val/00009902.jpg,43,93,79,35,5
val/00009903.jpg,23,50,91,66,1
val/00009904.jpg,80,96,77,29,55
val/00009905.jpg,64,83,16,41,73
val/00009906.jpg,57,83,35,55,4
val/00009907.jpg,92,21,79,77,55
val/00009908.jpg,43,5,79,97,24
val/00009909.jpg,64,83,60,16,73
val/00009910.jpg,32,67,0,71,94
val/00009911.jpg,43,9,2,55,79
val/00009912.jpg,89,69,34,63,6
val/00009913.jpg,39,43,24,79,5
val/00009914.jpg,7,69,1,39,19
val/00009915.jpg,47,50,82,73,72
val/00009916.jpg,7,36,72,69,1
val/00009917.jpg,49,43,79,55,24
val/00009918.jpg,99,46,21,42,84
val/00009919.jpg,84,68,97,98,57
val/00009920.jpg,62,37,78,18,45
val/00009921.jpg,24,79,52,43,76
val/00009922.jpg,22,14,17,33,37
val/00009923.jpg,46,74,99,3,39
val/00009924.jpg,76,55,98,9,29
val/00009925.jpg,14,88,13,78,22
val/00009926.jpg,81,61,52,19,35
val/00009927.jpg,40,92,51,79,21
val/00009928.jpg,87,15,99,75,51
val/00009929.jpg,68,55,98,97,35
val/00009930.jpg,7,19,3,39,52
val/00009931.jpg,99,46,96,21,55
val/00009932.jpg,83,64,73,16,82
val/00009933.jpg,54,18,16,62,70
val/00009934.jpg,38,8,33,62,70
val/00009935.jpg,95,15,87,74,23
val/00009936.jpg,35,61,55,52,79
val/00009937.jpg,15,87,74,95,75
val/00009938.jpg,39,76,86,85,53
val/00009939.jpg,0,32,67,71,2
val/00009940.jpg,80,5,43,24,79
val/00009941.jpg,29,9,97,68,35
val/00009942.jpg,62,17,45,70,63
val/00009943.jpg,58,28,10,91,20
val/00009944.jpg,29,26,10,55,9
val/00009945.jpg,96,29,39,86,79
val/00009946.jpg,25,41,83,74,64
val/00009947.jpg,77,21,92,55,79
val/00009948.jpg,78,14,17,13,33
val/00009949.jpg,26,8,13,17,14
val/00009950.jpg,35,61,52,79,19
val/00009951.jpg,45,18,62,69,63
val/00009952.jpg,1,72,52,24,88
val/00009953.jpg,49,79,30,32,55
val/00009954.jpg,3,40,13,78,71
val/00009955.jpg,83,16,93,18,69
val/00009956.jpg,54,70,33,17,38
val/00009957.jpg,24,53,61,52,79
val/00009958.jpg,19,52,3,74,39
val/00009959.jpg,18,62,54,45,16
val/00009960.jpg,34,17,26,37,6
val/00009961.jpg,18,62,45,89,16
val/00009962.jpg,54,13,58,11,33
val/00009963.jpg,71,32,67,42,72
val/00009964.jpg,56,84,66,74,88
val/00009965.jpg,93,49,42,31,99
val/00009966.jpg,36,7,69,4,39
val/00009967.jpg,30,87,49,21,3
val/00009968.jpg,70,59,33,16,62
val/00009969.jpg,1,8,64,7,90
val/00009970.jpg,74,99,49,27,3
val/00009971.jpg,18,62,45,54,69
val/00009972.jpg,31,50,74,94,3
val/00009973.jpg,86,39,52,33,19
val/00009974.jpg,13,65,42,99,30
val/00009975.jpg,41,63,1,90,69
val/00009976.jpg,84,56,88,36,13
val/00009977.jpg,14,34,36,17,69
val/00009978.jpg,55,29,98,9,97
val/00009979.jpg,0,32,31,51,99
val/00009980.jpg,70,62,45,59,63
val/00009981.jpg,12,27,77,96,92
val/00009982.jpg,11,22,88,23,66
val/00009983.jpg,50,47,90,72,1
val/00009984.jpg,65,26,91,48,28
val/00009985.jpg,50,73,72,47,46
val/00009986.jpg,17,70,62,54,38
val/00009987.jpg,17,33,70,78,14
val/00009988.jpg,80,29,5,97,9
val/00009989.jpg,53,76,24,43,68
val/00009990.jpg,10,48,28,78,37
val/00009991.jpg,78,48,10,65,91
val/00009992.jpg,76,39,3,74,24
val/00009993.jpg,75,51,87,81,97
val/00009994.jpg,98,88,8,57,68
val/00009995.jpg,2,76,24,0,5
val/00009996.jpg,30,99,74,75,21
val/00009997.jpg,74,27,96,99,40
val/00009998.jpg,47,72,7,50,36
val/00009999.jpg,75,9,97,96,68
val/00010000.jpg,68,97,98,31,29
